Africa deaths 7-day avg: 285.7142857142857
new_deaths
0.0
0.0
0.0
0.0
0.0
0.0
0.0
0.0
0.0
0.0
0.0
0.0
0.0
0.0
0.0
0.0
0.0
0.0
0.0
0.0
0.0
0.0
0.0
0.0
1.0
0.0
1.0
0.0
1.0
3.0
1.0
1.0
0.0
3.0
6.0
3.0
6.0
10.0
12.0
9.0
7.0
9.0
18.0
24.0
19.0
18.0
21.0
27.0
34.0
53.0
44.0
52.0
61.0
43.0
46.0
41.0
53.0
66.0
49.0
46.0
46.0
39.0
37.0
55.0
51.0
42.0
63.0
38.0
30.0
51.0
57.0
27.0
51.0
48.0
39.0
61.0
65.0
46.0
58.0
67.0
37.0
46.0
66.0
98.0
67.0
81.0
67.0
69.0
54.0
51.0
98.0
69.0
62.0
84.0
51.0
73.0
75.0
83.0
105.0
89.0
73.0
97.0
125.0
112.0
108.0
92.0
131.0
147.0
153.0
121.0
151.0
107.0
155.0
159.0
140.0
133.0
175.0
175.0
150.0
163.0
199.0
203.0
206.0
303.0
253.0
203.0
201.0
263.0
236.0
197.0
223.0
282.0
235.0
214.0
213.0
202.0
179.0
216.0
267.0
259.0
238.0
239.0
201.0
280.0
249.0
365.0
255.0
226.0
310.0
220.0
257.0
218.0
299.0
226.0
370.0
315.0
282.0
214.0
254.0
314.0
708.0
269.0
390.0
417.0
245.0
409.0
322.0
367.0
454.0
364.0
292.0
332.0
321.0
472.0
539.0
431.0
439.0
413.0
358.0
319.0
269.0
410.0
405.0
416.0
240.0
295.0
264.0
415.0
328.0
337.0
352.0
274.0
182.0
220.0
283.0
319.0
253.0
231.0
331.0
164.0
226.0
242.0
265.0
297.0
238.0
225.0
224.0
218.0
226.0
192.0
185.0
231.0
146.0
121.0
171.0
277.0
179.0
179.0
193.0
202.0
133.0
126.0
240.0
209.0
175.0
154.0
168.0
135.0
294.0
217.0
189.0
217.0
149.0
111.0
170.0
128.0
188.0
269.0
298.0
236.0
271.0
208.0
193.0
271.0
263.0
254.0
207.0
265.0
185.0
184.0
298.0
252.0
216.0
224.0
223.0
116.0
348.0
182.0
346.0
202.0
292.0
224.0
322.0
214.0
316.0
235.0
304.0
223.0
378.0
515.0
249.0
341.0
332.0
269.0
280.0
235.0
296.0
279.0
393.0
392.0
276.0
412.0
314.0
290.0
269.0
344.0
316.0
297.0
320.0
235.0
224.0
269.0
258.0
330.0
267.0
430.0
287.0
306.0
248.0
402.0
350.0
394.0
398.0
326.0
346.0
311.0
427.0
346.0
396.0
496.0
449.0
340.0
429.0
529.0
820.0
554.0
524.0
419.0
432.0
545.0
717.0
701.0
699.0
658.0
515.0
605.0
685.0
820.0
1110.0
689.0
910.0
657.0
594.0
681.0
1076.0
1220.0
1053.0
905.0
663.0
598.0
725.0
1202.0
922.0
1025.0
974.0
782.0
647.0
771.0
983.0
1051.0
996.0
846.0
615.0
525.0
509.0
884.0
709.0
567.0
547.0
548.0
357.0
443.0
699.0
536.0
495.0
565.0
352.0
293.0
471.0
466.0
402.0
511.0
384.0
290.0
337.0
336.0
470.0
326.0
357.0
317.0
339.0
225.0
315.0
363.0
278.0
331.0
227.0
263.0
230.0
379.0
289.0
301.0
324.0
227.0
294.0
251.0
309.0
307.0
277.0
261.0
545.0
197.0
229.0
260.0
322.0
322.0
386.0
344.0
193.0
183.0
312.0
277.0
257.0
407.0
247.0
168.0
272.0
230.0
236.0
267.0
351.0
262.0
223.0
288.0
264.0
404.0
368.0
313.0
307.0
280.0
252.0
299.0
411.0
311.0
308.0
377.0
237.0
291.0
295.0
366.0
340.0
396.0
255.0
284.0
229.0
257.0
335.0
344.0
383.0
289.0
232.0
257.0
351.0
314.0
304.0
234.0
251.0
240.0
223.0
261.0
317.0
355.0
370.0
369.0
209.0
201.0
284.0
279.0
303.0
292.0
300.0
253.0
200.0
332.0
320.0
