Asia deaths 7-day avg: 4654.142857142857
new_deaths
0.0
1.0
8.0
16.0
14.0
26.0
49.0
2.0
38.0
42.0
46.0
103.0
64.0
66.0
72.0
70.0
85.0
87.0
100.0
107.0
100.0
5.0
253.0
152.0
142.0
104.0
98.0
140.0
115.0
123.0
3.0
206.0
9.0
156.0
77.0
57.0
38.0
53.0
60.0
48.0
65.0
44.0
61.0
47.0
54.0
52.0
86.0
71.0
76.0
97.0
98.0
104.0
122.0
131.0
151.0
159.0
188.0
175.0
176.0
156.0
209.0
156.0
170.0
194.0
244.0
213.0
213.0
216.0
210.0
246.0
303.0
292.0
286.0
311.0
306.0
314.0
288.0
307.0
362.0
357.0
362.0
400.0
334.0
396.0
323.0
362.0
1654.0
337.0
372.0
357.0
374.0
358.0
349.0
383.0
350.0
297.0
361.0
343.0
377.0
355.0
324.0
379.0
290.0
453.0
372.0
360.0
362.0
322.0
342.0
355.0
305.0
356.0
376.0
385.0
341.0
353.0
414.0
384.0
389.0
350.0
411.0
407.0
387.0
386.0
338.0
400.0
470.0
461.0
565.0
548.0
540.0
514.0
551.0
645.0
582.0
648.0
653.0
658.0
655.0
668.0
764.0
826.0
726.0
743.0
874.0
910.0
2529.0
869.0
902.0
950.0
880.0
955.0
801.0
959.0
1015.0
955.0
937.0
948.0
875.0
1035.0
1125.0
1016.0
958.0
925.0
1160.0
1158.0
1162.0
1159.0
1048.0
1124.0
1081.0
1140.0
1445.0
1179.0
1159.0
1226.0
1280.0
1351.0
1919.0
1495.0
1403.0
1291.0
1826.0
1527.0
1339.0
1279.0
1316.0
1207.0
1554.0
1293.0
1371.0
1352.0
1348.0
1293.0
1658.0
1416.0
1474.0
1394.0
1431.0
1349.0
1548.0
1703.0
1358.0
1557.0
1505.0
1473.0
1597.0
1492.0
1365.0
1775.0
1584.0
1549.0
1009.0
1417.0
1337.0
1478.0
1499.0
1682.0
1642.0
1594.0
1489.0
1549.0
1316.0
1591.0
1666.0
1691.0
1625.0
1591.0
1630.0
1663.0
1671.0
1811.0
1829.0
1710.0
1780.0
1711.0
1902.0
1898.0
1880.0
1841.0
1853.0
1805.0
1777.0
1692.0
1754.0
1851.0
1783.0
1770.0
1787.0
1705.0
1424.0
1922.0
1897.0
1777.0
1757.0
1554.0
1639.0
1618.0
1711.0
1740.0
1795.0
1653.0
1615.0
1612.0
1406.0
1472.0
1547.0
1662.0
1592.0
1797.0
1337.0
1444.0
1526.0
1608.0
1532.0
1589.0
1398.0
1296.0
1385.0
1380.0
1492.0
1475.0
1397.0
1405.0
1433.0
1472.0
1570.0
1746.0
1620.0
1588.0
1477.0
1491.0
1536.0
1539.0
1619.0
1641.0
1586.0
1512.0
1463.0
1498.0
1591.0
1812.0
2024.0
1693.0
1621.0
1700.0
1654.0
1708.0
1815.0
1768.0
1658.0
1678.0
1682.0
1638.0
1737.0
1654.0
1711.0
1667.0
1551.0
1469.0
1520.0
1649.0
1551.0
1550.0
1525.0
1446.0
1354.0
1464.0
1629.0
1445.0
1416.0
1371.0
1396.0
1454.0
1445.0
1494.0
1423.0
1350.0
1314.0
1221.0
1329.0
1305.0
1439.0
1400.0
972.0
1347.0
1352.0
1061.0
1110.0
1226.0
1070.0
1142.0
953.0
1305.0
933.0
997.0
1418.0
1326.0
1171.0
1204.0
1112.0
978.0
1072.0
1229.0
1244.0
1249.0
1050.0
1048.0
945.0
1123.0
1296.0
1270.0
1360.0
972.0
1274.0
995.0
985.0
1120.0
1001.0
1091.0
913.0
868.0
823.0
892.0
942.0
974.0
847.0
884.0
857.0
743.0
701.0
923.0
865.0
886.0
894.0
909.0
717.0
754.0
941.0
1511.0
951.0
969.0
785.0
751.0
742.0
883.0
828.0
808.0
949.0
661.0
728.0
888.0
842.0
803.0
819.0
880.0
814.0
752.0
843.0
979.0
867.0
963.0
940.0
883.0
889.0
1058.0
1076.0
1123.0
1118.0
1111.0
1172.0
1058.0
1148.0
1262.0
1466.0
1426.0
1607.0
1499.0
1672.0
1496.0
2089.0
2009.0
2014.0
2228.0
2135.0
2155.0
2312.0
2426.0
2469.0
2694.0
2786.0
2929.0
3177.0
3333.0
3710.0
3808.0
3949.0
4278.0
4367.0
4407.0
4483.0
5000.0
5318.0
5241.0
5175.0
5185.0
4928.0
5033.0
5209.0
5681.0
5621.0
5716.0
5588.0
5372.0
5510.0
5891.0
5664.0
5465.0
5223.0
5396.0
5537.0
5928.0
6206.0
5489.0
5688.0
5653.0
5109.0
5640.0
4887.0
5430.0
5156.0
4982.0
4992.0
4699.0
4342.0
4018.0
4390.0
