Australia deaths 7-day avg: 0.0
new_deaths
0
0
0
0
0
0
0
0
0
0
0
0
0
0
0
0
0
0
0
0
0
0
0
0
0
0
0
0
0
0
0
0
0
0
0
1.0
0.0
0.0
1.0
0.0
0.0
0.0
1.0
0.0
0.0
0.0
0.0
0.0
0.0
0.0
0.0
2.0
1.0
0.0
1.0
0.0
0.0
0.0
1.0
0.0
5.0
0.0
1.0
2.0
1.0
1.0
2.0
4.0
4.0
2.0
5.0
5.0
5.0
5.0
1.0
3.0
3.0
3.0
1.0
1.0
1.0
0.0
3.0
1.0
0.0
0.0
0.0
0.0
8.0
4.0
1.0
3.0
0.0
6.0
2.0
2.0
0.0
1.0
1.0
1.0
1.0
0.0
0.0
0.0
0.0
0.0
0.0
1.0
0.0
0.0
0.0
0.0
1.0
0.0
1.0
0.0
1.0
0.0
1.0
0.0
0.0
1.0
0.0
0.0
0.0
0.0
0.0
-1.0
0.0
0.0
0.0
0.0
0.0
0.0
0.0
0.0
0.0
0.0
0.0
0.0
0.0
0.0
0.0
0.0
0.0
0.0
0.0
0.0
0.0
1.0
1.0
0.0
0.0
0.0
0.0
0.0
0.0
0.0
0.0
0.0
0.0
2.0
0.0
0.0
0.0
0.0
1.0
1.0
0.0
0.0
3.0
2.0
3.0
2.0
4.0
1.0
3.0
2.0
5.0
6.0
6.0
10.0
6.0
6.0
9.0
13.0
7.0
5.0
7.0
13.0
11.0
15.0
8.0
11.0
12.0
17.0
18.0
18.0
21.0
9.0
14.0
4.0
17.0
25.0
17.0
12.0
13.0
9.0
13.0
17.0
15.0
8.0
24.0
23.0
11.0
17.0
11.0
41.0
5.0
6.0
15.0
59.0
11.0
5.0
9.0
8.0
11.0
7.0
9.0
6.0
7.0
6.0
0.0
8.0
8.0
5.0
7.0
5.0
2.0
3.0
5.0
2.0
8.0
1.0
2.0
3.0
7.0
4.0
2.0
2.0
3.0
1.0
0.0
1.0
2.0
0.0
0.0
0.0
1.0
0.0
1.0
5.0
0.0
0.0
0.0
0.0
1.0
0.0
0.0
0.0
0.0
0.0
0.0
0.0
0.0
2.0
0.0
0.0
0.0
0.0
0.0
0.0
0.0
0.0
0.0
0.0
0.0
0.0
0.0
0.0
0.0
0.0
0.0
0.0
0.0
0.0
0.0
0.0
0.0
0.0
0.0
0.0
0.0
0.0
0.0
0.0
0.0
0.0
1.0
0.0
0.0
0.0
0.0
0.0
0.0
0.0
0.0
0.0
0.0
0.0
0.0
0.0
0.0
0.0
0.0
0.0
0.0
0.0
0.0
0.0
0.0
0.0
0.0
0.0
0.0
0.0
1.0
0.0
0.0
0.0
0.0
0.0
0.0
0.0
0.0
0.0
0.0
0.0
0.0
0.0
0.0
0.0
0.0
0.0
0.0
0.0
0.0
0.0
0.0
0.0
0.0
0.0
0.0
0.0
0.0
0.0
0.0
0.0
0.0
0.0
0.0
0.0
0.0
0.0
0.0
0.0
0.0
0.0
0.0
0.0
0.0
0.0
0.0
0.0
0.0
0.0
0.0
0.0
0.0
0.0
0.0
0.0
0.0
0.0
0.0
0.0
0.0
0.0
0.0
0.0
0.0
0.0
0.0
0.0
0.0
0.0
0.0
0.0
0.0
0.0
0.0
0.0
0.0
0.0
0.0
0.0
0.0
0.0
0.0
0.0
0.0
0.0
0.0
0.0
0.0
0.0
0.0
0.0
0.0
0.0
0.0
0.0
0.0
0.0
0.0
0.0
0.0
0.0
0.0
0.0
0.0
0.0
1.0
0.0
0.0
0.0
0.0
0.0
0.0
0.0
0.0
0.0
0.0
0.0
0.0
0.0
0.0
0.0
0.0
0.0
0.0
0.0
0.0
0.0
0.0
0.0
0.0
0.0
0.0
0.0
0.0
0.0
0.0
0.0
0.0
0.0
0.0
0.0
0.0
0.0
0.0
0.0
0.0
0.0
0.0
0.0
0.0
0.0
0.0
0.0
0.0
0.0
0.0
