Brazil deaths 7-day avg: 1881.142857142857
new_deaths
0
0
0
0
0
0
0
0
0
0
0
0
0
0
0
0
0
0
0
0
1.0
2.0
3.0
5.0
4.0
10.0
9.0
12.0
13.0
18.0
15.0
19.0
25.0
23.0
42.0
39.0
84.0
35.0
86.0
41.0
78.0
122.0
133.0
131.0
107.0
67.0
99.0
105.0
204.0
204.0
188.0
217.0
213.0
108.0
125.0
154.0
165.0
425.0
373.0
353.0
229.0
317.0
480.0
430.0
493.0
406.0
349.0
290.0
316.0
571.0
650.0
602.0
827.0
639.0
467.0
530.0
808.0
779.0
759.0
963.0
700.0
456.0
735.0
1130.0
876.0
1188.0
1001.0
965.0
653.0
807.0
1039.0
1086.0
1156.0
1124.0
956.0
480.0
623.0
1262.0
1349.0
1473.0
1005.0
904.0
525.0
679.0
1272.0
1274.0
1239.0
909.0
892.0
612.0
627.0
1282.0
1269.0
1238.0
1206.0
1022.0
615.0
680.0
1374.0
1185.0
1141.0
990.0
1109.0
552.0
692.0
1280.0
1038.0
1252.0
1290.0
1091.0
602.0
620.0
1254.0
1223.0
1220.0
1214.0
1071.0
631.0
733.0
1300.0
1233.0
1322.0
1163.0
921.0
716.0
632.0
1367.0
1284.0
1311.0
1156.0
1211.0
555.0
614.0
921.0
1595.0
1129.0
1212.0
1088.0
541.0
561.0
1154.0
1437.0
1237.0
1079.0
905.0
572.0
703.0
1274.0
1175.0
1262.0
1060.0
709.0
620.0
684.0
1352.0
1212.0
1204.0
1054.0
892.0
494.0
565.0
1271.0
1085.0
984.0
855.0
758.0
566.0
553.0
1215.0
1184.0
834.0
888.0
701.0
447.0
310.0
504.0
1075.0
983.0
874.0
814.0
415.0
381.0
1113.0
987.0
829.0
858.0
739.0
363.0
377.0
833.0
0.0
1703.0
729.0
869.0
335.0
317.0
863.0
1031.0
728.0
0.0
1307.0
365.0
323.0
819.0
734.0
729.0
682.0
559.0
290.0
201.0
309.0
749.0
713.0
754.0
461.0
0.0
501.0
661.0
566.0
497.0
571.0
432.0
231.0
263.0
549.0
510.0
513.0
508.0
407.0
190.0
179.0
243.0
610.0
0.0
909.0
254.0
128.0
231.0
174.0
566.0
913.0
456.0
921.0
140.0
216.0
685.0
756.0
606.0
552.0
376.0
194.0
302.0
630.0
654.0
691.0
514.0
587.0
272.0
287.0
697.0
698.0
755.0
694.0
664.0
313.0
376.0
842.0
836.0
770.0
672.0
686.0
279.0
433.0
964.0
936.0
1092.0
823.0
706.0
408.0
527.0
968.0
961.0
762.0
506.0
307.0
344.0
431.0
1111.0
1194.0
1074.0
462.0
314.0
293.0
543.0
1171.0
1242.0
1524.0
962.0
1171.0
469.0
480.0
1110.0
1274.0
1131.0
1151.0
1050.0
551.0
452.0
1192.0
1340.0
1316.0
1096.0
1202.0
592.0
627.0
1214.0
1283.0
1386.0
1119.0
1279.0
559.0
595.0
1210.0
1254.0
1232.0
1239.0
0.0
1500.0
0.0
1986.0
1330.0
1351.0
1288.0
1043.0
713.0
528.0
1167.0
1150.0
1367.0
1280.0
1240.0
527.0
639.0
1386.0
1428.0
1541.0
1337.0
1386.0
721.0
778.0
1641.0
1910.0
1699.0
1800.0
1555.0
1086.0
987.0
1972.0
2286.0
2233.0
2216.0
1997.0
1127.0
1057.0
2841.0
2648.0
2724.0
2815.0
2438.0
1290.0
1383.0
3251.0
2009.0
2777.0
3650.0
3438.0
1656.0
1660.0
3780.0
3869.0
3769.0
2922.0
1987.0
1240.0
1319.0
4195.0
3829.0
4249.0
3693.0
2616.0
1803.0
1480.0
3808.0
3459.0
3560.0
3305.0
2929.0
1657.0
1347.0
3321.0
3472.0
2027.0
2914.0
3076.0
1305.0
1139.0
3086.0
3163.0
3001.0
2595.0
2656.0
1202.0
983.0
2966.0
2811.0
2550.0
2165.0
2202.0
1024.0
889.0
2311.0
2494.0
2383.0
2211.0
2087.0
1036.0
786.0
2513.0
2641.0
2403.0
2215.0
1899.0
860.0
790.0
2173.0
2398.0
2245.0
2371.0
2012.0
874.0
860.0
2408.0
