Bulgaria deaths 7-day avg: 20.714285714285715
new_deaths
0
0
0
1.0
0.0
0.0
1.0
0.0
0.0
0.0
0.0
1.0
0.0
0.0
0.0
0.0
0.0
0.0
0.0
0.0
4.0
1.0
0.0
0.0
2.0
0.0
4.0
3.0
3.0
2.0
1.0
1.0
0.0
1.0
3.0
1.0
3.0
3.0
1.0
2.0
3.0
0.0
1.0
1.0
2.0
4.0
3.0
2.0
1.0
1.0
2.0
0.0
6.0
2.0
2.0
4.0
1.0
5.0
2.0
4.0
0.0
2.0
4.0
1.0
2.0
2.0
1.0
3.0
3.0
3.0
3.0
2.0
2.0
4.0
4.0
5.0
1.0
4.0
0.0
0.0
3.0
1.0
2.0
3.0
1.0
0.0
4.0
2.0
1.0
12.0
1.0
0.0
4.0
3.0
0.0
1.0
4.0
0.0
2.0
2.0
5.0
3.0
6.0
3.0
6.0
0.0
8.0
1.0
1.0
2.0
4.0
1.0
3.0
4.0
7.0
2.0
0.0
7.0
2.0
5.0
4.0
4.0
5.0
3.0
5.0
0.0
1.0
8.0
7.0
6.0
4.0
4.0
2.0
1.0
8.0
5.0
8.0
8.0
8.0
1.0
2.0
7.0
8.0
13.0
6.0
9.0
2.0
3.0
16.0
11.0
9.0
11.0
7.0
3.0
2.0
12.0
12.0
11.0
0.0
10.0
3.0
3.0
14.0
7.0
8.0
5.0
7.0
0.0
6.0
18.0
9.0
14.0
8.0
9.0
2.0
8.0
16.0
13.0
6.0
10.0
7.0
6.0
5.0
1.0
15.0
10.0
4.0
7.0
4.0
3.0
9.0
7.0
3.0
10.0
4.0
2.0
6.0
4.0
2.0
12.0
6.0
4.0
0.0
7.0
11.0
6.0
12.0
0.0
13.0
3.0
3.0
10.0
8.0
11.0
7.0
7.0
4.0
1.0
23.0
8.0
6.0
15.0
14.0
10.0
18.0
22.0
11.0
29.0
16.0
13.0
7.0
10.0
42.0
25.0
36.0
28.0
29.0
25.0
19.0
51.0
63.0
54.0
52.0
58.0
56.0
33.0
106.0
80.0
47.0
72.0
85.0
36.0
39.0
152.0
131.0
117.0
119.0
129.0
42.0
60.0
189.0
157.0
141.0
162.0
151.0
69.0
65.0
221.0
153.0
159.0
156.0
147.0
79.0
68.0
213.0
146.0
127.0
122.0
157.0
64.0
62.0
150.0
167.0
191.0
143.0
157.0
55.0
58.0
156.0
114.0
99.0
45.0
50.0
50.0
41.0
87.0
154.0
110.0
61.0
28.0
40.0
34.0
157.0
67.0
59.0
56.0
61.0
19.0
29.0
106.0
47.0
70.0
47.0
61.0
17.0
9.0
82.0
49.0
37.0
90.0
58.0
12.0
9.0
60.0
36.0
28.0
29.0
35.0
20.0
17.0
97.0
36.0
40.0
54.0
30.0
9.0
20.0
89.0
62.0
45.0
34.0
33.0
14.0
16.0
47.0
32.0
41.0
42.0
35.0
18.0
15.0
79.0
45.0
48.0
53.0
49.0
39.0
24.0
117.0
83.0
22.0
93.0
65.0
22.0
21.0
150.0
138.0
97.0
95.0
102.0
38.0
51.0
187.0
107.0
136.0
102.0
115.0
34.0
53.0
169.0
119.0
106.0
99.0
89.0
49.0
60.0
203.0
155.0
129.0
116.0
125.0
69.0
82.0
197.0
0.0
248.0
136.0
138.0
43.0
67.0
201.0
127.0
125.0
108.0
121.0
38.0
57.0
217.0
106.0
100.0
0.0
208.0
33.0
48.0
194.0
81.0
96.0
90.0
31.0
45.0
48.0
56.0
61.0
164.0
27.0
86.0
16.0
27.0
116.0
59.0
46.0
44.0
49.0
7.0
9.0
84.0
36.0
37.0
31.0
27.0
13.0
9.0
17.0
68.0
36.0
20.0
15.0
5.0
5.0
38.0
26.0
