Cambodia deaths 7-day avg: 5.285714285714286
new_deaths
0
0
0
0
0
0
0
0
0
0
0
0
0
0
0
0
0
0
0
0
0
0
0
0
0
0
0
0
0
0
0
0
0
0
0
0
0
0
0
0
0
0
0
0
0
0
0
0
0
0
0
0
0
0
0
0
0
0
0
0
0
0
0
0
0
0
0
0
0
0
0
0
0
0
0
0
0
0
0
0
0
0
0
0
0
0
0
0
0
0
0
0
0
0
0
0
0
0
0
0
0
0
0
0
0
0
0
0
0
0
0
0
0
0
0
0
0
0
0
0
0
0
0
0
0
0
0
0
0
0
0
0
0
0
0
0
0
0
0
0
0
0
0
0
0
0
0
0
0
0
0
0
0
0
0
0
0
0
0
0
0
0
0
0
0
0
0
0
0
0
0
0
0
0
0
0
0
0
0
0
0
0
0
0
0
0
0
0
0
0
0
0
0
0
0
0
0
0
0
0
0
0
0
0
0
0
0
0
0
0
0
0
0
0
0
0
0
0
0
0
0
0
0
0
0
0
0
0
0
0
0
0
0
0
0
0
0
0
0
0
0
0
0
0
0
0
0
0
0
0
0
0
0
0
0
0
0
0
0
0
0
0
0
0
0
0
0
0
0
0
0
0
0
0
0
0
0
0
0
0
0
0
0
0
0
0
0
0
0
0
0
0
0
0
0
0
0
0
0
0
0
0
0
0
0
0
0
0
0
0
0
0
0
0
0
0
0
0
0
0
0
0
0
0
0
0
0
0
0
0
0
0
0
0
0
0
0
0
0
0
0
0
0
0
0
0
0
0
0
0
0
0
0
0
0
0
0
0
0
0
0
0
0
0
0
0
0
0
0
0
0
0
0
0
0
0
0
0
0
0
0
0
0
0
0
0
0
0
0
0
0
0
0
0
0
0
0
0
0
0
0
0
0
0
0
0
0
0
0
1.0
0.0
0.0
0.0
0.0
0.0
0.0
0.0
1.0
0.0
1.0
1.0
1.0
0.0
0.0
3.0
0.0
2.0
1.0
0.0
0.0
3.0
2.0
3.0
0.0
2.0
1.0
0.0
2.0
0.0
2.0
4.0
0.0
3.0
2.0
1.0
2.0
1.0
4.0
2.0
4.0
5.0
5.0
2.0
10.0
3.0
5.0
3.0
6.0
3.0
2.0
3.0
7.0
3.0
1.0
3.0
4.0
0.0
0.0
6.0
6.0
5.0
5.0
6.0
5.0
0.0
3.0
4.0
2.0
3.0
5.0
1.0
2.0
9.0
3.0
4.0
7.0
4.0
2.0
7.0
6.0
5.0
6.0
