Chile deaths 7-day avg: 108.42857142857143
new_deaths
0
0
0
0
0
0
0
0
0
0
0
0
0
0
0
0
0
0
0
0
0
0
0
0
0
0
0
0
1.0
1.0
0.0
1.0
1.0
1.0
1.0
1.0
1.0
4.0
4.0
2.0
4.0
5.0
7.0
3.0
6.0
5.0
9.0
8.0
8.0
7.0
2.0
10.0
2.0
11.0
11.0
10.0
7.0
6.0
8.0
13.0
8.0
6.0
7.0
8.0
9.0
9.0
9.0
11.0
7.0
13.0
13.0
10.0
5.0
6.0
4.0
9.0
10.0
8.0
11.0
12.0
11.0
22.0
26.0
27.0
29.0
28.0
31.0
35.0
45.0
41.0
43.0
45.0
43.0
45.0
35.0
49.0
54.0
53.0
57.0
59.0
75.0
87.0
81.0
92.0
93.0
96.0
627.0
19.0
192.0
173.0
222.0
231.0
222.0
39.0
21.0
232.0
226.0
252.0
202.0
184.0
23.0
3.0
226.0
172.0
165.0
279.0
162.0
66.0
113.0
65.0
167.0
131.0
141.0
116.0
76.0
50.0
139.0
109.0
99.0
100.0
98.0
45.0
45.0
117.0
104.0
1057.0
98.0
58.0
130.0
44.0
45.0
116.0
76.0
106.0
92.0
75.0
53.0
38.0
99.0
80.0
76.0
75.0
99.0
38.0
47.0
97.0
69.0
53.0
66.0
62.0
39.0
27.0
94.0
41.0
55.0
57.0
61.0
33.0
32.0
93.0
52.0
69.0
60.0
64.0
42.0
32.0
82.0
60.0
49.0
63.0
45.0
32.0
23.0
78.0
72.0
57.0
41.0
60.0
30.0
20.0
79.0
69.0
45.0
54.0
64.0
27.0
18.0
84.0
57.0
55.0
32.0
12.0
23.0
24.0
124.0
58.0
64.0
50.0
57.0
27.0
16.0
81.0
45.0
52.0
60.0
58.0
33.0
20.0
77.0
53.0
52.0
46.0
58.0
20.0
19.0
19.0
95.0
59.0
47.0
41.0
26.0
17.0
73.0
52.0
48.0
52.0
59.0
23.0
6.0
86.0
40.0
49.0
40.0
55.0
17.0
21.0
64.0
46.0
49.0
44.0
45.0
23.0
22.0
66.0
39.0
39.0
42.0
44.0
20.0
14.0
58.0
48.0
27.0
39.0
37.0
25.0
7.0
97.0
43.0
44.0
34.0
54.0
20.0
8.0
81.0
39.0
34.0
36.0
35.0
17.0
10.0
84.0
8.0
64.0
40.0
45.0
18.0
10.0
48.0
44.0
50.0
53.0
43.0
20.0
11.0
75.0
55.0
46.0
39.0
0.0
45.0
11.0
109.0
52.0
64.0
43.0
0.0
21.0
28.0
97.0
61.0
63.0
59.0
66.0
20.0
22.0
90.0
75.0
66.0
42.0
70.0
26.0
21.0
108.0
84.0
68.0
79.0
66.0
24.0
17.0
134.0
83.0
82.0
113.0
85.0
22.0
17.0
155.0
77.0
87.0
79.0
82.0
28.0
21.0
157.0
83.0
98.0
98.0
83.0
20.0
15.0
139.0
99.0
77.0
68.0
84.0
25.0
22.0
137.0
90.0
76.0
96.0
88.0
24.0
20.0
134.0
90.0
80.0
69.0
86.0
19.0
24.0
156.0
89.0
123.0
100.0
98.0
17.0
27.0
172.0
99.0
93.0
99.0
80.0
25.0
18.0
122.0
63.0
66.0
101.0
316.0
37.0
28.0
193.0
93.0
103.0
120.0
33.0
57.0
62.0
183.0
129.0
105.0
133.0
137.0
35.0
30.0
218.0
157.0
132.0
122.0
100.0
40.0
36.0
179.0
109.0
101.0
114.0
119.0
45.0
53.0
174.0
106.0
104.0
104.0
98.0
37.0
30.0
169.0
109.0
97.0
117.0
100.0
38.0
28.0
136.0
127.0
87.0
98.0
102.0
31.0
32.0
172.0
121.0
96.0
132.0
30.0
37.0
39.0
185.0
119.0
119.0
121.0
132.0
44.0
