Colombia deaths 7-day avg: 518.7142857142857
new_deaths
0
0
0
0
0
0
0
0
0
0
0
0
0
0
0
0
2.0
1.0
0.0
1.0
2.0
0.0
0.0
4.0
2.0
4.0
1.0
2.0
6.0
7.0
3.0
11.0
4.0
4.0
15.0
11.0
20.0
9.0
3.0
15.0
4.0
13.0
9.0
13.0
13.0
10.0
7.0
10.0
9.0
10.0
8.0
11.0
9.0
16.0
9.0
15.0
21.0
10.0
16.0
18.0
20.0
19.0
10.0
21.0
17.0
18.0
16.0
14.0
16.0
16.0
21.0
16.0
12.0
18.0
21.0
17.0
22.0
30.0
23.0
22.0
23.0
26.0
27.0
19.0
31.0
37.0
49.0
30.0
40.0
36.0
42.0
58.0
60.0
54.0
49.0
64.0
61.0
55.0
57.0
47.0
75.0
59.0
75.0
63.0
86.0
95.0
81.0
111.0
73.0
94.0
87.0
163.0
157.0
128.0
239.0
96.0
60.0
136.0
171.0
136.0
165.0
122.0
146.0
149.0
168.0
187.0
211.0
194.0
188.0
148.0
170.0
189.0
215.0
259.0
228.0
220.0
193.0
237.0
207.0
315.0
287.0
294.0
256.0
252.0
297.0
380.0
356.0
295.0
225.0
320.0
367.0
298.0
309.0
315.0
311.0
290.0
302.0
312.0
321.0
362.0
308.0
347.0
318.0
287.0
275.0
247.0
360.0
204.0
385.0
400.0
348.0
296.0
277.0
295.0
283.0
299.0
297.0
300.0
299.0
388.0
295.0
273.0
270.0
268.0
256.0
203.0
202.0
236.0
222.0
243.0
216.0
190.0
199.0
165.0
190.0
187.0
0.0
374.0
169.0
189.0
0.0
349.0
0.0
357.0
193.0
192.0
153.0
187.0
170.0
198.0
201.0
159.0
156.0
132.0
173.0
163.0
0.0
315.0
165.0
174.0
151.0
156.0
165.0
151.0
159.0
187.0
167.0
132.0
170.0
192.0
173.0
165.0
198.0
154.0
194.0
217.0
188.0
173.0
209.0
179.0
201.0
138.0
194.0
166.0
196.0
196.0
190.0
196.0
183.0
154.0
184.0
179.0
178.0
160.0
202.0
192.0
158.0
182.0
198.0
168.0
175.0
183.0
192.0
198.0
183.0
159.0
195.0
187.0
183.0
182.0
168.0
183.0
188.0
162.0
166.0
175.0
187.0
163.0
150.0
176.0
185.0
197.0
187.0
142.0
161.0
204.0
227.0
232.0
249.0
207.0
205.0
251.0
243.0
280.0
236.0
253.0
228.0
203.0
246.0
289.0
304.0
282.0
270.0
200.0
222.0
241.0
295.0
344.0
364.0
353.0
330.0
337.0
331.0
342.0
367.0
377.0
388.0
375.0
373.0
398.0
390.0
395.0
399.0
396.0
392.0
373.0
381.0
395.0
390.0
371.0
366.0
333.0
289.0
304.0
301.0
254.0
272.0
290.0
300.0
297.0
217.0
226.0
250.0
213.0
229.0
180.0
181.0
163.0
185.0
200.0
177.0
174.0
149.0
140.0
144.0
142.0
136.0
122.0
142.0
106.0
100.0
106.0
110.0
107.0
111.0
112.0
91.0
95.0
78.0
97.0
85.0
92.0
96.0
97.0
100.0
125.0
130.0
138.0
135.0
136.0
121.0
120.0
126.0
120.0
125.0
126.0
145.0
165.0
124.0
176.0
167.0
192.0
163.0
155.0
162.0
199.0
231.0
243.0
247.0
269.0
325.0
281.0
267.0
326.0
337.0
380.0
365.0
367.0
397.0
420.0
429.0
419.0
430.0
420.0
440.0
465.0
448.0
436.0
490.0
505.0
490.0
272.0
485.0
687.0
463.0
388.0
399.0
453.0
492.0
495.0
488.0
429.0
490.0
499.0
490.0
530.0
520.0
509.0
482.0
452.0
490.0
486.0
509.0
496.0
483.0
459.0
514.0
513.0
514.0
540.0
535.0
492.0
523.0
