Costa Rica deaths 7-day avg: 28.142857142857142
new_deaths
0
0
0
0
0
0
0
0
0
0
0
0
0
1.0
0.0
1.0
0.0
0.0
0.0
0.0
0.0
0.0
0.0
0.0
0.0
0.0
0.0
0.0
0.0
0.0
0.0
0.0
0.0
1.0
0.0
0.0
0.0
0.0
0.0
0.0
1.0
0.0
0.0
0.0
1.0
1.0
0.0
0.0
0.0
0.0
0.0
0.0
0.0
0.0
0.0
0.0
0.0
0.0
0.0
0.0
0.0
0.0
0.0
0.0
0.0
1.0
0.0
0.0
1.0
0.0
1.0
1.0
0.0
0.0
0.0
0.0
0.0
0.0
0.0
0.0
0.0
0.0
0.0
0.0
0.0
0.0
0.0
0.0
0.0
0.0
0.0
0.0
0.0
0.0
1.0
0.0
1.0
0.0
0.0
0.0
0.0
0.0
0.0
0.0
0.0
0.0
0.0
0.0
0.0
0.0
0.0
0.0
0.0
2.0
1.0
0.0
1.0
1.0
1.0
0.0
0.0
1.0
4.0
0.0
2.0
0.0
1.0
2.0
2.0
4.0
3.0
3.0
2.0
5.0
7.0
8.0
4.0
2.0
3.0
9.0
7.0
11.0
6.0
11.0
10.0
8.0
7.0
10.0
4.0
8.0
9.0
10.0
10.0
9.0
18.0
10.0
7.0
9.0
11.0
8.0
9.0
9.0
10.0
3.0
10.0
10.0
7.0
12.0
7.0
8.0
7.0
7.0
14.0
10.0
11.0
10.0
11.0
0.0
18.0
7.0
10.0
7.0
9.0
9.0
0.0
32.0
21.0
12.0
24.0
16.0
7.0
0.0
31.0
12.0
16.0
17.0
20.0
20.0
0.0
39.0
15.0
21.0
14.0
17.0
16.0
0.0
33.0
19.0
24.0
13.0
13.0
20.0
0.0
37.0
17.0
20.0
16.0
15.0
21.0
0.0
32.0
16.0
10.0
25.0
9.0
15.0
0.0
21.0
18.0
14.0
15.0
14.0
17.0
0.0
30.0
17.0
11.0
17.0
14.0
14.0
0.0
19.0
15.0
12.0
13.0
9.0
11.0
0.0
27.0
11.0
11.0
14.0
10.0
9.0
0.0
20.0
12.0
10.0
11.0
9.0
0.0
0.0
33.0
21.0
12.0
5.0
11.0
0.0
0.0
36.0
5.0
8.0
18.0
16.0
0.0
0.0
52.0
21.0
18.0
18.0
13.0
0.0
0.0
41.0
20.0
11.0
13.0
16.0
0.0
0.0
41.0
14.0
14.0
21.0
0.0
0.0
0.0
58.0
12.0
15.0
14.0
0.0
0.0
0.0
44.0
19.0
19.0
19.0
19.0
0.0
0.0
48.0
14.0
17.0
17.0
15.0
0.0
0.0
42.0
19.0
15.0
14.0
12.0
0.0
0.0
40.0
9.0
17.0
15.0
5.0
0.0
0.0
30.0
7.0
9.0
12.0
10.0
0.0
0.0
20.0
6.0
3.0
9.0
4.0
0.0
0.0
16.0
7.0
8.0
11.0
7.0
0.0
0.0
19.0
3.0
8.0
3.0
4.0
0.0
0.0
12.0
8.0
4.0
5.0
4.0
0.0
0.0
0.0
15.0
0.0
0.0
14.0
0.0
0.0
0.0
24.0
0.0
0.0
10.0
0.0
0.0
0.0
12.0
0.0
0.0
23.0
0.0
0.0
0.0
26.0
0.0
0.0
0.0
0.0
0.0
0.0
43.0
0.0
0.0
18.0
0.0
0.0
0.0
26.0
0.0
21.0
6.0
0.0
0.0
28.0
5.0
11.0
10.0
11.0
7.0
0.0
25.0
18.0
16.0
15.0
14.0
0.0
0.0
59.0
20.0
16.0
15.0
24.0
0.0
0.0
65.0
26.0
26.0
32.0
33.0
0.0
0.0
78.0
48.0
23.0
40.0
29.0
0.0
0.0
84.0
28.0
31.0
21.0
33.0
0.0
0.0
79.0
33.0
