Cuba deaths 7-day avg: 9.142857142857142
new_deaths
0
0
0
0
0
0
1.0
0.0
0.0
0.0
0.0
0.0
0.0
0.0
1.0
0.0
1.0
0.0
1.0
2.0
0.0
0.0
0.0
0.0
2.0
1.0
2.0
1.0
3.0
0.0
1.0
2.0
3.0
0.0
3.0
3.0
4.0
1.0
2.0
2.0
2.0
2.0
3.0
6.0
2.0
3.0
2.0
2.0
0.0
3.0
3.0
2.0
1.0
2.0
0.0
0.0
4.0
1.0
0.0
3.0
0.0
1.0
1.0
0.0
0.0
0.0
0.0
0.0
0.0
0.0
1.0
1.0
0.0
1.0
0.0
0.0
0.0
0.0
0.0
1.0
0.0
0.0
0.0
0.0
0.0
0.0
0.0
0.0
0.0
0.0
0.0
1.0
0.0
0.0
0.0
0.0
0.0
0.0
1.0
0.0
0.0
0.0
0.0
0.0
0.0
0.0
0.0
1.0
0.0
0.0
0.0
0.0
0.0
0.0
0.0
0.0
0.0
0.0
0.0
0.0
0.0
1.0
0.0
0.0
0.0
0.0
0.0
0.0
0.0
0.0
0.0
0.0
0.0
0.0
0.0
0.0
0.0
0.0
0.0
0.0
0.0
0.0
0.0
0.0
0.0
1.0
0.0
0.0
0.0
0.0
0.0
0.0
0.0
0.0
1.0
-1.0
0.0
0.0
0.0
0.0
0.0
0.0
1.0
0.0
2.0
0.0
0.0
1.0
0.0
0.0
2.0
0.0
0.0
1.0
3.0
2.0
0.0
0.0
1.0
1.0
2.0
0.0
2.0
0.0
2.0
0.0
0.0
0.0
1.0
0.0
2.0
2.0
2.0
1.0
1.0
1.0
0.0
0.0
2.0
2.0
0.0
0.0
0.0
0.0
0.0
0.0
0.0
1.0
0.0
0.0
0.0
0.0
0.0
0.0
0.0
0.0
0.0
0.0
1.0
1.0
0.0
2.0
0.0
0.0
1.0
0.0
0.0
0.0
0.0
0.0
0.0
0.0
0.0
0.0
0.0
1.0
0.0
0.0
0.0
1.0
0.0
0.0
0.0
0.0
0.0
1.0
0.0
0.0
0.0
0.0
0.0
0.0
0.0
0.0
1.0
0.0
0.0
1.0
0.0
0.0
0.0
0.0
1.0
1.0
1.0
0.0
0.0
0.0
0.0
0.0
0.0
0.0
0.0
0.0
0.0
1.0
0.0
0.0
0.0
0.0
0.0
0.0
0.0
0.0
0.0
2.0
0.0
0.0
1.0
1.0
1.0
1.0
0.0
2.0
1.0
0.0
0.0
1.0
0.0
0.0
1.0
0.0
0.0
0.0
3.0
2.0
2.0
3.0
2.0
2.0
4.0
4.0
3.0
2.0
5.0
4.0
4.0
3.0
3.0
3.0
3.0
4.0
4.0
2.0
3.0
1.0
2.0
2.0
2.0
5.0
4.0
4.0
5.0
2.0
4.0
5.0
4.0
4.0
4.0
5.0
3.0
5.0
3.0
5.0
5.0
4.0
5.0
4.0
4.0
4.0
4.0
2.0
4.0
4.0
2.0
4.0
5.0
3.0
5.0
3.0
4.0
2.0
2.0
5.0
4.0
4.0
1.0
4.0
3.0
3.0
4.0
4.0
3.0
5.0
2.0
3.0
4.0
4.0
3.0
5.0
1.0
1.0
2.0
4.0
3.0
1.0
4.0
2.0
5.0
0.0
4.0
2.0
1.0
5.0
5.0
6.0
8.0
9.0
11.0
4.0
9.0
12.0
13.0
6.0
7.0
9.0
12.0
10.0
12.0
10.0
6.0
7.0
10.0
18.0
12.0
10.0
10.0
11.0
11.0
8.0
7.0
12.0
9.0
10.0
9.0
14.0
13.0
10.0
7.0
11.0
8.0
10.0
12.0
8.0
6.0
9.0
14.0
14.0
13.0
11.0
11.0
9.0
12.0
10.0
7.0
8.0
7.0
