Czechia deaths 7-day avg: 11.142857142857142
new_deaths
0
0
0
0
0
0
0
0
0
0
0
0
0
0
0
0
0
0
0
0
0
1.0
0.0
2.0
3.0
3.0
0.0
2.0
5.0
7.0
8.0
8.0
5.0
9.0
6.0
8.0
11.0
10.0
11.0
13.0
7.0
10.0
9.0
5.0
18.0
5.0
3.0
4.0
8.0
5.0
8.0
7.0
7.0
2.0
4.0
4.0
2.0
3.0
4.0
0.0
9.0
4.0
5.0
3.0
4.0
5.0
5.0
8.0
3.0
3.0
4.0
2.0
1.0
7.0
3.0
2.0
1.0
2.0
-1.0
5.0
2.0
2.0
6.0
2.0
1.0
2.0
0.0
0.0
2.0
0.0
0.0
1.0
1.0
2.0
2.0
1.0
1.0
0.0
0.0
1.0
0.0
2.0
-2.0
1.0
-1.0
1.0
1.0
1.0
2.0
1.0
1.0
1.0
0.0
0.0
3.0
4.0
2.0
4.0
0.0
-1.0
0.0
1.0
0.0
4.0
0.0
-2.0
-3.0
2.0
1.0
0.0
1.0
0.0
0.0
0.0
1.0
2.0
0.0
0.0
3.0
0.0
1.0
0.0
1.0
4.0
1.0
4.0
0.0
2.0
2.0
1.0
0.0
5.0
3.0
1.0
1.0
2.0
-3.0
5.0
2.0
-1.0
0.0
1.0
0.0
1.0
0.0
0.0
3.0
1.0
2.0
2.0
2.0
3.0
2.0
5.0
0.0
1.0
3.0
1.0
2.0
0.0
1.0
2.0
2.0
1.0
1.0
0.0
1.0
3.0
2.0
5.0
1.0
4.0
3.0
4.0
2.0
3.0
3.0
9.0
11.0
6.0
7.0
6.0
4.0
4.0
19.0
9.0
24.0
12.0
14.0
10.0
15.0
12.0
18.0
19.0
23.0
21.0
12.0
16.0
31.0
36.0
35.0
40.0
36.0
43.0
39.0
64.0
55.0
66.0
58.0
53.0
69.0
70.0
91.0
106.0
120.0
106.0
126.0
106.0
124.0
164.0
182.0
128.0
187.0
216.0
173.0
178.0
225.0
259.0
220.0
197.0
154.0
197.0
177.0
170.0
295.0
247.0
185.0
171.0
132.0
150.0
208.0
142.0
182.0
134.0
147.0
74.0
101.0
164.0
139.0
112.0
168.0
188.0
87.0
84.0
157.0
112.0
108.0
126.0
97.0
77.0
87.0
0.0
134.0
100.0
90.0
115.0
109.0
85.0
74.0
134.0
139.0
154.0
127.0
108.0
60.0
80.0
151.0
102.0
112.0
83.0
91.0
94.0
108.0
150.0
127.0
151.0
131.0
116.0
133.0
110.0
187.0
179.0
185.0
179.0
178.0
137.0
157.0
213.0
171.0
200.0
173.0
186.0
123.0
111.0
197.0
174.0
153.0
157.0
140.0
99.0
84.0
165.0
173.0
153.0
128.0
139.0
97.0
84.0
153.0
138.0
143.0
150.0
153.0
106.0
98.0
164.0
145.0
130.0
130.0
156.0
85.0
107.0
180.0
166.0
143.0
174.0
184.0
117.0
116.0
207.0
145.0
153.0
164.0
195.0
145.0
130.0
232.0
240.0
187.0
197.0
233.0
159.0
165.0
265.0
238.0
239.0
241.0
218.0
143.0
153.0
278.0
245.0
215.0
214.0
199.0
137.0
143.0
245.0
203.0
192.0
189.0
139.0
96.0
162.0
186.0
199.0
165.0
179.0
102.0
78.0
112.0
112.0
160.0
137.0
151.0
117.0
74.0
110.0
120.0
86.0
105.0
88.0
79.0
30.0
106.0
108.0
71.0
76.0
76.0
57.0
42.0
40.0
73.0
66.0
72.0
54.0
49.0
27.0
22.0
56.0
58.0
42.0
87.0
39.0
20.0
44.0
38.0
38.0
38.0
32.0
29.0
15.0
12.0
20.0
15.0
19.0
23.0
22.0
8.0
8.0
13.0
13.0
5.0
29.0
13.0
3.0
4.0
11.0
