Ecuador deaths 7-day avg: 56.142857142857146
new_deaths
0
0
0
0
0
0
0
0
0
0
0
0
0
2.0
0.0
0.0
0.0
0.0
1.0
2.0
2.0
7.0
4.0
9.0
1.0
6.0
2.0
12.0
10.0
2.0
15.0
18.0
27.0
25.0
27.0
8.0
11.0
0.0
51.0
30.0
25.0
18.0
18.0
22.0
14.0
19.0
15.0
18.0
35.0
18.0
33.0
13.0
17.0
23.0
16.0
0.0
0.0
87.0
208.0
12.0
17.0
163.0
308.0
193.0
5.0
0.0
49.0
36.0
50.0
13.0
410.0
18.0
182.0
7.0
4.0
256.0
94.0
48.0
63.0
40.0
49.0
51.0
117.0
40.0
12.0
95.0
0.0
72.0
38.0
21.0
0.0
24.0
0.0
80.0
48.0
0.0
48.0
74.0
13.0
21.0
48.0
30.0
0.0
108.0
46.0
22.0
33.0
41.0
37.0
80.0
69.0
0.0
67.0
0.0
51.0
0.0
69.0
63.0
18.0
5.0
73.0
25.0
49.0
63.0
61.0
69.0
12.0
40.0
52.0
0.0
27.0
39.0
92.0
16.0
16.0
67.0
28.0
49.0
43.0
32.0
31.0
5.0
48.0
52.0
21.0
29.0
39.0
8.0
17.0
52.0
39.0
34.0
45.0
34.0
0.0
31.0
41.0
39.0
30.0
20.0
19.0
6.0
10.0
19.0
33.0
26.0
20.0
35.0
5.0
13.0
22.0
41.0
54.0
48.0
29.0
33.0
12.0
46.0
42.0
61.0
33.0
33.0
18.0
1.0
15.0
48.0
29.0
26.0
50.0
0.0
3852.0
51.0
74.0
48.0
87.0
28.0
39.0
19.0
41.0
33.0
33.0
15.0
40.0
6.0
5.0
31.0
45.0
42.0
23.0
37.0
6.0
1.0
32.0
43.0
78.0
62.0
102.0
50.0
34.0
21.0
41.0
398.0
34.0
13.0
3.0
27.0
17.0
29.0
42.0
51.0
18.0
12.0
8.0
9.0
49.0
47.0
28.0
14.0
11.0
20.0
15.0
20.0
14.0
10.0
38.0
14.0
8.0
6.0
6.0
26.0
31.0
54.0
15.0
9.0
10.0
71.0
26.0
31.0
20.0
11.0
8.0
9.0
27.0
21.0
22.0
44.0
62.0
24.0
39.0
24.0
28.0
42.0
13.0
52.0
38.0
40.0
61.0
50.0
84.0
60.0
22.0
2.0
14.0
20.0
36.0
8.0
16.0
1.0
0.0
21.0
19.0
17.0
10.0
6.0
0.0
1.0
0.0
13.0
15.0
7.0
6.0
2.0
2.0
7.0
22.0
11.0
17.0
8.0
0.0
10.0
34.0
43.0
12.0
7.0
12.0
0.0
7.0
12.0
33.0
17.0
27.0
43.0
3.0
3.0
60.0
55.0
89.0
36.0
34.0
27.0
16.0
29.0
36.0
62.0
36.0
49.0
8.0
31.0
25.0
34.0
19.0
14.0
22.0
8.0
1.0
73.0
30.0
58.0
46.0
49.0
52.0
34.0
37.0
2.0
50.0
30.0
39.0
23.0
11.0
20.0
67.0
35.0
44.0
66.0
32.0
21.0
18.0
71.0
38.0
38.0
23.0
19.0
4.0
26.0
36.0
23.0
65.0
22.0
21.0
4.0
19.0
41.0
33.0
79.0
23.0
16.0
27.0
26.0
36.0
42.0
50.0
47.0
59.0
8.0
34.0
67.0
30.0
33.0
19.0
27.0
31.0
17.0
53.0
58.0
43.0
117.0
18.0
5.0
53.0
49.0
89.0
39.0
113.0
62.0
0.0
41.0
60.0
161.0
97.0
96.0
19.0
123.0
89.0
81.0
82.0
79.0
93.0
16.0
25.0
98.0
44.0
111.0
43.0
76.0
85.0
20.0
44.0
63.0
93.0
72.0
178.0
7.0
87.0
91.0
102.0
43.0
85.0
73.0
13.0
17.0
17.0
85.0
45.0
51.0
77.0
60.0
27.0
48.0
