Eswatini deaths 7-day avg: 0.14285714285714285
new_deaths
0
0
0
0
0
0
0
0
0
0
0
0
0
0
0
0
0
0
0
0
0
0
0
0
0
0
0
0
0
0
0
0
0
1.0
0.0
0.0
0.0
0.0
0.0
0.0
0.0
0.0
0.0
0.0
0.0
0.0
0.0
0.0
0.0
0.0
0.0
0.0
0.0
1.0
0.0
0.0
0.0
0.0
0.0
0.0
0.0
0.0
0.0
0.0
0.0
0.0
0.0
0.0
0.0
0.0
0.0
0.0
0.0
0.0
0.0
0.0
0.0
0.0
0.0
1.0
0.0
0.0
0.0
0.0
0.0
0.0
0.0
0.0
0.0
0.0
0.0
0.0
1.0
0.0
0.0
0.0
0.0
0.0
1.0
0.0
1.0
1.0
0.0
1.0
0.0
0.0
3.0
0.0
0.0
0.0
0.0
2.0
0.0
0.0
0.0
1.0
0.0
3.0
1.0
0.0
2.0
0.0
0.0
0.0
1.0
0.0
0.0
0.0
2.0
1.0
1.0
3.0
0.0
0.0
4.0
2.0
5.0
1.0
0.0
1.0
2.0
0.0
2.0
4.0
4.0
2.0
1.0
0.0
2.0
3.0
2.0
0.0
2.0
3.0
1.0
1.0
3.0
3.0
3.0
2.0
0.0
2.0
2.0
0.0
1.0
2.0
1.0
2.0
0.0
0.0
0.0
3.0
0.0
0.0
0.0
0.0
0.0
0.0
2.0
1.0
1.0
0.0
0.0
0.0
3.0
0.0
0.0
2.0
0.0
1.0
0.0
0.0
2.0
2.0
0.0
0.0
0.0
0.0
0.0
0.0
1.0
2.0
0.0
0.0
0.0
1.0
0.0
1.0
0.0
0.0
0.0
0.0
0.0
1.0
0.0
1.0
0.0
0.0
1.0
0.0
0.0
0.0
0.0
0.0
0.0
0.0
0.0
0.0
0.0
1.0
0.0
0.0
0.0
0.0
0.0
0.0
0.0
0.0
0.0
0.0
0.0
0.0
0.0
0.0
1.0
1.0
0.0
0.0
0.0
0.0
0.0
0.0
0.0
1.0
0.0
0.0
0.0
0.0
0.0
1.0
0.0
1.0
0.0
0.0
0.0
0.0
0.0
0.0
1.0
1.0
1.0
1.0
0.0
1.0
0.0
3.0
2.0
3.0
0.0
1.0
1.0
3.0
1.0
1.0
11.0
1.0
0.0
9.0
2.0
2.0
8.0
9.0
21.0
11.0
11.0
4.0
13.0
8.0
9.0
7.0
11.0
12.0
4.0
3.0
21.0
13.0
3.0
8.0
17.0
16.0
8.0
19.0
24.0
14.0
17.0
0.0
21.0
14.0
24.0
5.0
16.0
13.0
11.0
3.0
9.0
9.0
2.0
6.0
9.0
4.0
0.0
3.0
3.0
6.0
3.0
11.0
0.0
0.0
4.0
0.0
3.0
3.0
4.0
1.0
0.0
0.0
2.0
2.0
1.0
0.0
0.0
2.0
0.0
0.0
0.0
2.0
0.0
4.0
0.0
0.0
0.0
0.0
1.0
0.0
2.0
0.0
2.0
0.0
0.0
1.0
0.0
1.0
0.0
0.0
0.0
1.0
0.0
0.0
0.0
1.0
0.0
0.0
0.0
1.0
0.0
0.0
0.0
1.0
0.0
0.0
0.0
0.0
0.0
0.0
0.0
0.0
1.0
0.0
0.0
1.0
0.0
0.0
0.0
0.0
0.0
0.0
0.0
0.0
0.0
0.0
0.0
0.0
0.0
0.0
0.0
0.0
0.0
0.0
0.0
0.0
0.0
0.0
0.0
0.0
0.0
0.0
0.0
0.0
1.0
0.0
0.0
0.0
0.0
0.0
0.0
0.0
0.0
0.0
0.0
0.0
0.0
0.0
1.0
0.0
0.0
