European Union deaths 7-day avg: 721.1428571428571
new_deaths
0.0
0.0
0.0
0.0
0.0
0.0
0.0
0.0
0.0
0.0
0.0
0.0
0.0
0.0
0.0
0.0
0.0
0.0
0.0
0.0
0.0
0.0
0.0
1.0
0.0
0.0
0.0
0.0
0.0
1.0
1.0
1.0
4.0
3.0
3.0
5.0
4.0
8.0
5.0
19.0
29.0
29.0
45.0
54.0
48.0
145.0
116.0
185.0
238.0
193.0
370.0
264.0
477.0
476.0
577.0
598.0
791.0
1132.0
1350.0
1256.0
1459.0
1676.0
2006.0
2082.0
2340.0
2429.0
2314.0
2584.0
2750.0
3494.0
3071.0
3411.0
2857.0
2327.0
2890.0
3877.0
2814.0
3581.0
3188.0
2411.0
2414.0
2421.0
2426.0
4002.0
3035.0
3029.0
1976.0
1876.0
2135.0
2404.0
2423.0
2336.0
2176.0
1857.0
1253.0
1615.0
1684.0
1945.0
1451.0
1005.0
1608.0
796.0
1118.0
1137.0
1744.0
1171.0
1270.0
753.0
581.0
829.0
1040.0
985.0
1090.0
808.0
582.0
781.0
537.0
269.0
677.0
520.0
1144.0
465.0
171.0
-1583.0
773.0
376.0
360.0
389.0
343.0
174.0
180.0
326.0
345.0
266.0
333.0
202.0
125.0
220.0
315.0
249.0
164.0
187.0
185.0
108.0
126.0
259.0
264.0
212.0
1304.0
131.0
58.0
85.0
269.0
111.0
140.0
198.0
47.0
63.0
96.0
206.0
140.0
160.0
129.0
81.0
46.0
79.0
142.0
140.0
117.0
110.0
62.0
37.0
77.0
107.0
179.0
115.0
100.0
52.0
35.0
75.0
96.0
105.0
106.0
103.0
51.0
62.0
48.0
107.0
126.0
111.0
104.0
66.0
61.0
121.0
118.0
139.0
110.0
117.0
97.0
64.0
160.0
97.0
140.0
158.0
141.0
254.0
69.0
127.0
156.0
258.0
139.0
160.0
88.0
71.0
138.0
183.0
52.0
155.0
129.0
83.0
67.0
201.0
204.0
186.0
166.0
260.0
112.0
83.0
200.0
219.0
187.0
188.0
221.0
104.0
90.0
233.0
345.0
417.0
333.0
382.0
140.0
128.0
324.0
468.0
383.0
315.0
434.0
246.0
149.0
394.0
278.0
659.0
425.0
469.0
231.0
218.0
423.0
665.0
512.0
484.0
620.0
347.0
297.0
605.0
624.0
801.0
729.0
900.0
514.0
489.0
839.0
1122.0
1063.0
1131.0
1277.0
993.0
630.0
1433.0
1873.0
1583.0
1704.0
2075.0
1601.0
1257.0
2031.0
3244.0
3652.0
2637.0
3222.0
2163.0
1668.0
2555.0
3891.0
3596.0
2955.0
3562.0
2546.0
2112.0
3081.0
4273.0
3787.0
3333.0
4271.0
2695.0
2095.0
3273.0
4683.0
3849.0
3856.0
4393.0
2831.0
2119.0
3256.0
4309.0
3909.0
3970.0
4024.0
2767.0
2111.0
2818.0
3775.0
3552.0
3795.0
4091.0
2816.0
2127.0
2945.0
4657.0
4164.0
3810.0
4093.0
2782.0
1881.0
3007.0
4302.0
3852.0
2878.0
1964.0
1682.0
1711.0
3013.0
4816.0
4334.0
3229.0
2296.0
1744.0
1682.0
3079.0
4706.0
3629.0
3642.0
4035.0
2652.0
1856.0
3059.0
4517.0
4139.0
3914.0
3527.0
2810.0
1875.0
2483.0
5016.0
4351.0
3802.0
3933.0
2354.0
1889.0
3286.0
4050.0
3904.0
4314.0
3646.0
2848.0
1434.0
3406.0
4492.0
3819.0
3282.0
4095.0
2026.0
1425.0
2992.0
4150.0
3407.0
3251.0
3218.0
1844.0
1201.0
2205.0
3164.0
3196.0
2665.0
2887.0
1540.0
1044.0
2152.0
2897.0
2627.0
2122.0
2813.0
1640.0
1095.0
2132.0
2578.0
2759.0
2310.0
2770.0
1593.0
1122.0
2054.0
2683.0
2548.0
2370.0
2306.0
1677.0
1334.0
2022.0
2651.0
2335.0
2590.0
2355.0
1862.0
1353.0
2490.0
2891.0
2577.0
3055.0
3525.0
1980.0
1369.0
2103.0
2907.0
2935.0
2773.0
2485.0
2068.0
1725.0
1637.0
1943.0
3273.0
3733.0
3050.0
2110.0
2146.0
2298.0
3084.0
3080.0
2802.0
2666.0
1990.0
1408.0
2262.0
2762.0
2890.0
2526.0
2607.0
1917.0
1262.0
1997.0
2507.0
2467.0
2343.0
2072.0
1590.0
914.0
1590.0
1702.0
2141.0
2009.0
1849.0
1467.0
872.0
1422.0
1871.0
1507.0
1599.0
1357.0
984.0
582.0
994.0
1464.0
1307.0
1173.0
1036.0
770.0
465.0
542.0
1250.0
1125.0
899.0
795.0
537.0
310.0
627.0
755.0
