Europe deaths 7-day avg: 1313.5714285714287
new_deaths
0.0
0.0
0.0
0.0
0.0
0.0
0.0
0.0
0.0
0.0
0.0
0.0
0.0
0.0
0.0
0.0
0.0
0.0
0.0
0.0
0.0
0.0
0.0
1.0
0.0
0.0
0.0
0.0
0.0
1.0
1.0
1.0
4.0
3.0
3.0
5.0
4.0
8.0
5.0
19.0
30.0
29.0
46.0
55.0
49.0
146.0
117.0
191.0
240.0
196.0
381.0
288.0
492.0
501.0
608.0
643.0
852.0
1182.0
1437.0
1317.0
1566.0
1833.0
2236.0
2302.0
2678.0
2776.0
2580.0
3042.0
3265.0
4255.0
3807.0
4235.0
3732.0
3010.0
3551.0
5088.0
3960.0
4788.0
4414.0
3324.0
3200.0
3228.0
3605.0
5021.0
4184.0
4072.0
3189.0
2412.0
2833.0
3757.0
3403.0
3136.0
3332.0
2776.0
1722.0
2076.0
2806.0
2873.0
2248.0
1845.0
2283.0
1131.0
1524.0
2000.0
2523.0
1751.0
2006.0
1184.0
923.0
1164.0
1826.0
1564.0
1576.0
1320.0
1150.0
979.0
817.0
917.0
1177.0
960.0
1610.0
855.0
733.0
-1354.0
1118.0
994.0
909.0
922.0
708.0
398.0
462.0
778.0
798.0
593.0
767.0
573.0
343.0
416.0
726.0
675.0
455.0
538.0
443.0
287.0
329.0
630.0
630.0
511.0
1611.0
405.0
226.0
232.0
563.0
393.0
372.0
504.0
324.0
252.0
264.0
456.0
495.0
407.0
425.0
330.0
253.0
282.0
469.0
437.0
387.0
388.0
340.0
221.0
242.0
377.0
418.0
373.0
370.0
247.0
187.0
231.0
341.0
349.0
325.0
359.0
263.0
197.0
210.0
328.0
401.0
324.0
363.0
235.0
203.0
263.0
360.0
381.0
327.0
314.0
292.0
203.0
336.0
332.0
348.0
365.0
331.0
448.0
199.0
256.0
356.0
463.0
345.0
320.0
306.0
207.0
277.0
404.0
260.0
380.0
331.0
285.0
205.0
357.0
431.0
404.0
392.0
477.0
335.0
207.0
327.0
472.0
416.0
410.0
417.0
331.0
255.0
370.0
633.0
706.0
607.0
661.0
399.0
288.0
471.0
777.0
685.0
592.0
688.0
567.0
345.0
551.0
626.0
1014.0
753.0
824.0
577.0
437.0
638.0
1077.0
904.0
890.0
1050.0
766.0
623.0
885.0
1172.0
1347.0
1285.0
1435.0
1097.0
875.0
1232.0
1811.0
1658.0
1789.0
1979.0
1666.0
1179.0
1918.0
2790.0
2517.0
2584.0
3033.0
2513.0
1874.0
2660.0
4344.0
4918.0
3677.0
4353.0
3247.0
2340.0
3435.0
5227.0
5082.0
4407.0
4781.0
3750.0
2883.0
4053.0
5772.0
5297.0
4850.0
5774.0
3910.0
3198.0
4342.0
6229.0
5537.0
5415.0
5887.0
4254.0
3145.0
4316.0
6007.0
5619.0
5489.0
5652.0
4184.0
3165.0
3970.0
5452.0
5270.0
5470.0
5713.0
4370.0
3108.0
4083.0
6307.0
5950.0
5458.0
5713.0
4329.0
2984.0
4161.0
6147.0
5708.0
4540.0
3511.0
2759.0
2833.0
4195.0
6406.0
6392.0
5160.0
3769.0
2796.0
2914.0
4328.0
6599.0
5542.0
5624.0
6125.0
4327.0
3134.0
4278.0
6716.0
6646.0
6057.0
5669.0
4944.0
3221.0
3878.0
7554.0
7161.0
6098.0
6243.0
4464.0
3144.0
4594.0
6549.0
6535.0
6421.0
5704.0
4788.0
2669.0
4497.0
6755.0
5976.0
4959.0
5929.0
3567.0
2383.0
3936.0
5994.0
5234.0
4713.0
4716.0
3145.0
2014.0
3013.0
4708.0
4685.0
3887.0
4128.0
2621.0
1836.0
2857.0
4146.0
3741.0
3149.0
3843.0
2608.0
1792.0
2750.0
3725.0
4021.0
3341.0
3784.0
2454.0
1765.0
2786.0
3476.0
3599.0
3433.0
3370.0
2627.0
2041.0
2910.0
3689.0
3382.0
3603.0
3364.0
2725.0
2039.0
3337.0
3965.0
3699.0
4092.0
4516.0
2896.0
2062.0
2962.0
3971.0
4041.0
3880.0
3620.0
3012.0
2487.0
2628.0
3118.0
4467.0
4868.0
4158.0
3082.0
2851.0
3198.0
4061.0
4327.0
3853.0
3782.0
2975.0
2177.0
3107.0
3771.0
3963.0
3638.0
3641.0
2862.0
1929.0
2816.0
3517.0
3508.0
3282.0
2937.0
2434.0
1527.0
2180.0
2478.0
2825.0
2937.0
2740.0
2256.0
1480.0
2006.0
2477.0
2334.0
2413.0
2158.0
1734.0
1175.0
1587.0
2185.0
2020.0
1848.0
1695.0
1392.0
960.0
1022.0
1980.0
1807.0
1554.0
1431.0
1143.0
792.0
1109.0
1359.0
