France deaths 7-day avg: 112.0
new_deaths
0
0
0
0
0
0
0
0
0
0
0
0
0
0
0
0
0
0
0
0
0
0
1.0
0.0
0.0
0.0
0.0
0.0
0.0
0.0
0.0
0.0
0.0
1.0
0.0
0.0
0.0
0.0
1.0
1.0
0.0
3.0
2.0
7.0
3.0
6.0
8.0
15.0
0.0
31.0
12.0
0.0
58.0
0.0
0.0
95.0
207.0
112.0
113.0
186.0
240.0
231.0
364.0
299.0
318.0
294.0
418.0
500.0
1252.0
609.0
1122.0
1053.0
519.0
833.0
1416.0
544.0
1340.0
985.0
636.0
561.0
573.0
743.0
1438.0
753.0
761.0
641.0
389.0
547.0
528.0
544.0
516.0
390.0
369.0
242.0
437.0
367.0
426.0
289.0
217.0
197.0
135.0
306.0
333.0
275.0
179.0
242.0
80.0
70.0
263.0
348.0
85.0
351.0
102.0
98.0
483.0
129.0
-217.0
111.0
82.0
148.0
86.0
-80.0
89.0
137.0
1.0
67.0
51.0
57.0
31.0
32.0
106.0
81.0
45.0
45.0
31.0
13.0
55.0
88.0
21.0
27.0
28.0
24.0
10.0
28.0
114.0
25.0
28.0
14.0
18.0
6.0
24.0
54.0
13.0
19.0
26.0
1.0
0.0
35.0
30.0
19.0
13.0
18.0
0.0
-1.0
30.0
11.0
31.0
16.0
26.0
3.0
0.0
23.0
2.0
88.0
17.0
13.0
3.0
0.0
24.0
-13.0
6.0
11.0
10.0
0.0
0.0
18.0
13.0
14.0
16.0
11.0
0.0
0.0
30.0
2.0
11.0
4.0
13.0
1.0
0.0
15.0
14.0
18.0
17.0
19.0
1.0
1.0
20.0
22.0
18.0
11.0
24.0
9.0
0.0
16.0
19.0
0.0
35.0
18.0
6.0
3.0
31.0
27.0
27.0
17.0
-21.0
12.0
4.0
23.0
38.0
32.0
19.0
82.0
18.0
5.0
34.0
50.0
48.0
47.0
154.0
25.0
11.0
53.0
79.0
48.0
46.0
151.0
39.0
27.0
84.0
73.0
80.0
57.0
136.0
25.0
32.0
71.0
87.0
80.0
73.0
110.0
35.0
46.0
97.0
128.0
106.0
85.0
179.0
73.0
85.0
148.0
281.0
168.0
154.0
300.0
136.0
-21.0
389.0
529.0
259.0
232.0
547.0
222.0
231.0
428.0
1279.0
-31.0
354.0
829.0
303.0
270.0
560.0
1231.0
328.0
415.0
933.0
353.0
303.0
511.0
1226.0
431.0
417.0
1141.0
252.0
214.0
506.0
1011.0
388.0
331.0
959.0
212.0
198.0
409.0
777.0
311.0
324.0
630.0
212.0
174.0
366.0
838.0
297.0
296.0
628.0
193.0
150.0
376.0
791.0
290.0
261.0
612.0
189.0
131.0
354.0
802.0
277.0
291.0
159.0
146.0
173.0
368.0
969.0
304.0
251.0
133.0
156.0
116.0
385.0
868.0
282.0
276.0
591.0
168.0
151.0
312.0
742.0
229.0
284.0
636.0
193.0
141.0
404.0
656.0
310.0
347.0
649.0
230.0
172.0
446.0
614.0
350.0
344.0
821.0
241.0
195.0
456.0
726.0
358.0
0.0
1008.0
191.0
171.0
460.0
724.0
296.0
360.0
645.0
199.0
167.0
412.0
587.0
310.0
271.0
572.0
157.0
159.0
334.0
431.0
278.0
261.0
539.0
185.0
122.0
375.0
418.0
322.0
293.0
439.0
170.0
130.0
363.0
365.0
252.0
277.0
223.0
169.0
207.0
341.0
400.0
87.0
422.0
285.0
177.0
138.0
343.0
288.0
246.0
225.0
897.0
191.0
131.0
360.0
381.0
303.0
308.0
332.0
1.0
369.0
197.0
426.0
13.0
752.0
6.0
11.0
696.0
385.0
345.0
297.0
296.0
331.0
189.0
140.0
447.0
374.0
333.0
277.0
332.0
217.0
145.0
398.0
347.0
315.0
308.0
290.0
192.0
113.0
311.0
257.0
244.0
219.0
251.0
176.0
115.0
292.0
251.0
184.0
131.0
173.0
112.0
81.0
196.0
228.0
141.0
133.0
123.0
89.0
70.0
62.0
221.0
145.0
142.0
125.0
66.0
44.0
128.0
134.0
