Germany deaths 7-day avg: 149.71428571428572
new_deaths
0
0
0
0
0
0
0
0
0
0
0
0
0
0
0
0
0
0
0
0
0
0
0
0
0
0
0
0
0
0
0
0
0
0
0
0
0
0
0
0
0
0
2.0
0.0
1.0
0.0
4.0
2.0
2.0
6.0
7.0
4.0
16.0
23.0
17.0
10.0
29.0
34.0
49.0
61.0
75.0
91.0
100.0
112.0
130.0
145.0
187.0
168.0
169.0
140.0
226.0
206.0
333.0
258.0
160.0
-31.0
286.0
172.0
100.0
510.0
248.0
300.0
107.0
127.0
276.0
171.0
246.0
296.0
185.0
117.0
99.0
150.0
188.0
153.0
156.0
113.0
76.0
54.0
127.0
0.0
282.0
117.0
118.0
39.0
20.0
92.0
77.0
123.0
23.0
13.0
41.0
24.0
41.0
78.0
63.0
59.0
25.0
33.0
22.0
26.0
63.0
56.0
42.0
34.0
26.0
10.0
15.0
8.0
39.0
33.0
23.0
15.0
12.0
10.0
41.0
16.0
20.0
11.0
10.0
8.0
6.0
13.0
31.0
24.0
12.0
8.0
0.0
4.0
15.0
14.0
12.0
25.0
3.0
0.0
8.0
14.0
5.0
11.0
4.0
10.0
3.0
-1.0
10.0
14.0
11.0
6.0
7.0
1.0
3.0
4.0
2.0
7.0
1.0
3.0
1.0
2.0
5.0
3.0
8.0
10.0
4.0
0.0
1.0
6.0
4.0
9.0
3.0
7.0
0.0
0.0
9.0
16.0
2.0
14.0
6.0
1.0
1.0
5.0
5.0
4.0
13.0
5.0
0.0
1.0
5.0
8.0
14.0
3.0
6.0
3.0
1.0
5.0
4.0
5.0
0.0
9.0
1.0
3.0
4.0
15.0
0.0
5.0
2.0
1.0
1.0
5.0
6.0
3.0
3.0
4.0
2.0
2.0
11.0
6.0
3.0
10.0
2.0
2.0
0.0
15.0
18.0
13.0
15.0
8.0
5.0
4.0
15.0
12.0
14.0
9.0
13.0
2.0
21.0
12.0
16.0
12.0
5.0
21.0
6.0
14.0
42.0
34.0
23.0
34.0
12.0
13.0
44.0
40.0
29.0
49.0
18.0
57.0
27.0
29.0
30.0
97.0
87.0
86.0
92.0
30.0
156.0
48.0
232.0
161.0
130.0
66.0
66.0
36.0
373.0
213.0
222.0
188.0
107.0
62.0
260.0
305.0
252.0
272.0
256.0
143.0
98.0
301.0
372.0
378.0
430.0
371.0
170.0
125.0
388.0
483.0
482.0
438.0
480.0
262.0
150.0
445.0
568.0
458.0
604.0
503.0
333.0
206.0
528.0
910.0
729.0
754.0
727.0
417.0
229.0
710.0
986.0
813.0
421.0
250.0
366.0
351.0
848.0
1122.0
963.0
561.0
354.0
335.0
311.0
957.0
1009.0
1078.0
1152.0
1035.0
575.0
339.0
863.0
1090.0
1207.0
1111.0
498.0
759.0
437.0
362.0
1734.0
1013.0
866.0
837.0
160.0
423.0
831.0
492.0
879.0
1385.0
403.0
819.0
58.0
896.0
933.0
784.0
858.0
690.0
227.0
157.0
483.0
815.0
666.0
552.0
547.0
219.0
117.0
181.0
541.0
903.0
513.0
496.0
142.0
63.0
417.0
422.0
385.0
173.0
596.0
153.0
60.0
362.0
412.0
359.0
269.0
298.0
99.0
33.0
252.0
298.0
324.0
262.0
228.0
21.0
94.0
238.0
251.0
91.0
359.0
206.0
98.0
50.0
253.0
246.0
229.0
185.0
159.0
87.0
44.0
180.0
250.0
200.0
234.0
117.0
70.0
50.0
76.0
109.0
510.0
294.0
246.0
107.0
98.0
296.0
341.0
290.0
245.0
222.0
77.0
81.0
301.0
327.0
258.0
265.0
289.0
118.0
61.0
338.0
316.0
263.0
277.0
232.0
110.0
85.0
313.0
285.0
251.0
284.0
234.0
130.0
55.0
274.0
267.0
66.0
402.0
177.0
70.0
66.0
220.0
285.0
237.0
227.0
168.0
82.0
44.0
32.0
272.0
267.0
192.0
168.0
53.0
18.0
170.0
180.0
