Guyana deaths 7-day avg: 4.285714285714286
new_deaths
1.0
0.0
0.0
0.0
0.0
0.0
0.0
0.0
0.0
0.0
0.0
0.0
0.0
0.0
0.0
0.0
0.0
0.0
0.0
1.0
0.0
2.0
0.0
0.0
0.0
0.0
1.0
1.0
0.0
0.0
0.0
0.0
0.0
0.0
0.0
0.0
0.0
0.0
1.0
0.0
0.0
0.0
0.0
0.0
0.0
1.0
0.0
0.0
0.0
1.0
0.0
0.0
0.0
0.0
1.0
0.0
0.0
0.0
0.0
0.0
0.0
0.0
0.0
0.0
0.0
0.0
0.0
0.0
0.0
0.0
0.0
0.0
0.0
0.0
1.0
0.0
0.0
0.0
0.0
1.0
0.0
0.0
0.0
0.0
0.0
0.0
0.0
0.0
0.0
0.0
0.0
0.0
0.0
0.0
0.0
0.0
0.0
0.0
0.0
0.0
0.0
0.0
0.0
0.0
0.0
0.0
0.0
0.0
0.0
0.0
0.0
1.0
1.0
0.0
0.0
1.0
0.0
1.0
0.0
0.0
0.0
1.0
0.0
0.0
0.0
1.0
1.0
0.0
0.0
0.0
0.0
0.0
0.0
0.0
1.0
0.0
0.0
0.0
0.0
0.0
0.0
0.0
0.0
1.0
0.0
1.0
0.0
0.0
0.0
0.0
0.0
0.0
0.0
0.0
0.0
0.0
0.0
1.0
0.0
2.0
2.0
2.0
1.0
1.0
0.0
0.0
0.0
0.0
1.0
3.0
0.0
1.0
3.0
2.0
0.0
3.0
0.0
2.0
0.0
1.0
1.0
0.0
1.0
3.0
2.0
2.0
0.0
2.0
0.0
2.0
2.0
2.0
0.0
1.0
2.0
2.0
2.0
2.0
1.0
2.0
2.0
0.0
2.0
2.0
3.0
0.0
2.0
3.0
2.0
3.0
3.0
2.0
2.0
1.0
1.0
2.0
0.0
1.0
0.0
2.0
0.0
2.0
3.0
2.0
1.0
0.0
0.0
2.0
0.0
0.0
4.0
0.0
1.0
0.0
2.0
2.0
0.0
2.0
0.0
3.0
1.0
0.0
1.0
0.0
2.0
1.0
0.0
0.0
1.0
0.0
1.0
2.0
1.0
0.0
0.0
0.0
3.0
1.0
0.0
2.0
0.0
0.0
1.0
1.0
0.0
0.0
0.0
0.0
0.0
2.0
1.0
0.0
0.0
0.0
0.0
0.0
1.0
1.0
0.0
2.0
0.0
1.0
0.0
0.0
0.0
1.0
2.0
0.0
0.0
0.0
2.0
0.0
0.0
0.0
0.0
0.0
0.0
0.0
2.0
0.0
0.0
1.0
0.0
0.0
2.0
1.0
0.0
0.0
0.0
0.0
0.0
0.0
0.0
0.0
0.0
0.0
0.0
0.0
2.0
0.0
0.0
2.0
1.0
0.0
1.0
0.0
1.0
0.0
0.0
0.0
2.0
1.0
0.0
1.0
0.0
1.0
2.0
2.0
0.0
0.0
0.0
2.0
1.0
0.0
0.0
0.0
0.0
0.0
1.0
2.0
3.0
0.0
0.0
0.0
2.0
0.0
2.0
0.0
1.0
0.0
1.0
2.0
1.0
1.0
1.0
0.0
0.0
1.0
0.0
1.0
1.0
3.0
0.0
2.0
1.0
1.0
2.0
2.0
3.0
2.0
0.0
2.0
2.0
2.0
0.0
2.0
2.0
2.0
6.0
3.0
1.0
3.0
2.0
0.0
0.0
3.0
2.0
1.0
2.0
3.0
4.0
1.0
3.0
0.0
2.0
1.0
3.0
0.0
2.0
5.0
3.0
4.0
2.0
2.0
1.0
2.0
1.0
4.0
3.0
2.0
2.0
4.0
9.0
2.0
2.0
4.0
0.0
2.0
2.0
3.0
3.0
3.0
1.0
4.0
0.0
0.0
6.0
4.0
0.0
2.0
13.0
2.0
4.0
2.0
3.0
4.0
2.0
