Hungary deaths 7-day avg: 25.714285714285715
new_deaths
0
0
0
0
0
0
0
0
0
0
0
0
1.0
0.0
0.0
0.0
0.0
2.0
1.0
2.0
1.0
2.0
1.0
0.0
0.0
1.0
2.0
2.0
1.0
4.0
1.0
5.0
6.0
2.0
4.0
9.0
11.0
8.0
11.0
8.0
14.0
10.0
13.0
12.0
8.0
14.0
16.0
17.0
10.0
14.0
12.0
14.0
23.0
0.0
10.0
8.0
11.0
9.0
12.0
11.0
12.0
5.0
11.0
12.0
10.0
10.0
9.0
13.0
8.0
8.0
4.0
5.0
6.0
6.0
6.0
3.0
11.0
5.0
3.0
3.0
3.0
6.0
4.0
5.0
8.0
6.0
4.0
8.0
7.0
2.0
1.0
5.0
2.0
5.0
3.0
3.0
1.0
2.0
2.0
1.0
2.0
2.0
4.0
3.0
1.0
2.0
2.0
1.0
0.0
2.0
0.0
2.0
1.0
3.0
1.0
1.0
0.0
3.0
4.0
0.0
1.0
1.0
1.0
1.0
0.0
0.0
0.0
0.0
2.0
2.0
2.0
0.0
0.0
0.0
0.0
0.0
0.0
1.0
0.0
0.0
0.0
0.0
0.0
0.0
0.0
0.0
0.0
0.0
0.0
0.0
0.0
1.0
0.0
0.0
1.0
1.0
1.0
2.0
0.0
0.0
3.0
0.0
0.0
2.0
0.0
0.0
1.0
0.0
1.0
0.0
0.0
2.0
0.0
2.0
0.0
1.0
0.0
0.0
0.0
0.0
0.0
1.0
1.0
3.0
1.0
1.0
3.0
0.0
1.0
1.0
2.0
2.0
1.0
2.0
4.0
5.0
4.0
8.0
9.0
6.0
6.0
8.0
3.0
8.0
8.0
7.0
9.0
12.0
6.0
13.0
8.0
8.0
16.0
17.0
14.0
10.0
11.0
20.0
24.0
21.0
15.0
20.0
21.0
14.0
28.0
27.0
29.0
33.0
24.0
33.0
31.0
38.0
48.0
46.0
47.0
38.0
35.0
47.0
63.0
43.0
56.0
65.0
51.0
69.0
70.0
84.0
90.0
84.0
103.0
107.0
81.0
55.0
103.0
101.0
87.0
99.0
107.0
107.0
93.0
91.0
99.0
92.0
96.0
121.0
111.0
91.0
117.0
106.0
115.0
135.0
152.0
156.0
151.0
154.0
165.0
182.0
189.0
193.0
162.0
116.0
136.0
160.0
171.0
171.0
162.0
181.0
165.0
107.0
144.0
157.0
187.0
189.0
185.0
183.0
180.0
154.0
113.0
104.0
118.0
96.0
114.0
131.0
137.0
108.0
130.0
114.0
103.0
93.0
103.0
118.0
127.0
115.0
114.0
94.0
77.0
128.0
95.0
118.0
111.0
87.0
77.0
68.0
111.0
95.0
98.0
98.0
93.0
64.0
56.0
89.0
85.0
93.0
83.0
89.0
61.0
54.0
78.0
83.0
93.0
98.0
96.0
64.0
65.0
94.0
98.0
97.0
99.0
93.0
70.0
46.0
85.0
94.0
104.0
110.0
107.0
47.0
48.0
103.0
102.0
120.0
123.0
107.0
72.0
84.0
130.0
136.0
152.0
143.0
146.0
108.0
115.0
158.0
179.0
172.0
130.0
163.0
162.0
131.0
143.0
195.0
207.0
213.0
227.0
194.0
189.0
252.0
249.0
272.0
275.0
253.0
220.0
189.0
274.0
302.0
258.0
267.0
242.0
211.0
213.0
170.0
311.0
272.0
285.0
245.0
206.0
291.0
272.0
285.0
256.0
241.0
217.0
205.0
197.0
199.0
207.0
214.0
207.0
212.0
205.0
176.0
183.0
188.0
186.0
182.0
161.0
101.0
106.0
137.0
128.0
124.0
106.0
101.0
98.0
91.0
99.0
96.0
82.0
71.0
73.0
61.0
38.0
64.0
52.0
51.0
47.0
48.0
44.0
41.0
21.0
41.0
32.0
28.0
27.0
19.0
5.0
28.0
