India deaths 7-day avg: 3387.714285714286
new_deaths
0
0
0
0
0
0
0
0
0
0
0
0
0
0
0
0
0
0
0
0
0
0
0
0
0
0
0
0
0
0
0
0
0
0
0
0
0
0
0
0
0
1.0
0.0
1.0
0.0
0.0
0.0
1.0
0.0
1.0
1.0
-1.0
3.0
3.0
0.0
2.0
8.0
0.0
4.0
3.0
5.0
3.0
23.0
14.0
0.0
14.0
13.0
37.0
14.0
28.0
48.0
20.0
42.0
43.0
27.0
35.0
12.0
43.0
38.0
35.0
38.0
33.0
53.0
36.0
40.0
59.0
45.0
56.0
58.0
69.0
71.0
75.0
69.0
100.0
68.0
175.0
127.0
92.0
104.0
96.0
116.0
111.0
82.0
121.0
136.0
98.0
104.0
118.0
154.0
131.0
146.0
132.0
150.0
142.0
142.0
156.0
148.0
172.0
190.0
177.0
269.0
205.0
223.0
200.0
221.0
259.0
275.0
286.0
297.0
261.0
266.0
277.0
352.0
396.0
386.0
311.0
325.0
380.0
2003.0
334.0
336.0
375.0
306.0
445.0
312.0
465.0
418.0
407.0
384.0
410.0
380.0
418.0
507.0
434.0
379.0
442.0
613.0
425.0
466.0
483.0
487.0
475.0
519.0
550.0
501.0
553.0
582.0
605.0
688.0
671.0
543.0
681.0
585.0
650.0
1129.0
740.0
757.0
702.0
711.0
637.0
785.0
762.0
763.0
793.0
853.0
771.0
803.0
857.0
904.0
886.0
933.0
861.0
1007.0
871.0
834.0
942.0
1007.0
996.0
944.0
941.0
876.0
1091.0
978.0
983.0
945.0
912.0
836.0
848.0
967.0
1115.0
1057.0
1021.0
948.0
971.0
819.0
1045.0
1043.0
1096.0
1089.0
1065.0
1016.0
1133.0
1115.0
1172.0
1209.0
1201.0
1114.0
1136.0
1054.0
1290.0
1132.0
1174.0
1247.0
1133.0
1130.0
1053.0
1085.0
1129.0
1141.0
1089.0
1124.0
1039.0
776.0
1179.0
1181.0
1095.0
1069.0
940.0
903.0
884.0
986.0
971.0
964.0
926.0
918.0
816.0
706.0
730.0
680.0
895.0
837.0
1033.0
579.0
587.0
717.0
702.0
690.0
650.0
578.0
480.0
488.0
508.0
517.0
563.0
551.0
470.0
496.0
490.0
514.0
704.0
670.0
577.0
559.0
490.0
448.0
512.0
550.0
547.0
520.0
447.0
435.0
449.0
474.0
585.0
584.0
564.0
501.0
511.0
480.0
481.0
524.0
492.0
485.0
496.0
443.0
482.0
501.0
526.0
540.0
512.0
482.0
391.0
385.0
402.0
412.0
413.0
443.0
391.0
336.0
354.0
387.0
355.0
338.0
347.0
341.0
333.0
301.0
333.0
312.0
336.0
251.0
279.0
279.0
252.0
286.0
299.0
0.0
256.0
441.0
214.0
201.0
264.0
222.0
234.0
0.0
429.0
161.0
167.0
202.0
198.0
191.0
175.0
181.0
145.0
137.0
162.0
151.0
163.0
152.0
155.0
131.0
117.0
137.0
123.0
163.0
137.0
127.0
118.0
94.0
110.0
107.0
120.0
95.0
78.0
84.0
78.0
94.0
108.0
87.0
103.0
92.0
90.0
81.0
100.0
101.0
97.0
101.0
90.0
83.0
78.0
104.0
138.0
120.0
113.0
113.0
106.0
91.0
98.0
89.0
113.0
108.0
100.0
97.0
77.0
133.0
126.0
117.0
140.0
161.0
118.0
131.0
188.0
172.0
154.0
188.0
197.0
212.0
199.0
275.0
251.0
257.0
291.0
312.0
291.0
271.0
354.0
459.0
469.0
714.0
513.0
478.0
446.0
630.0
685.0
780.0
794.0
839.0
904.0
879.0
1027.0
1038.0
1185.0
1341.0
1501.0
1619.0
1761.0
2023.0
2104.0
2263.0
2624.0
2767.0
2812.0
2771.0
3293.0
3645.0
3498.0
3523.0
3689.0
3417.0
3449.0
3780.0
3980.0
3915.0
4187.0
4077.0
3769.0
3876.0
4205.0
4120.0
4000.0
3890.0
4077.0
4106.0
4329.0
4529.0
3874.0
4209.0
4194.0
3741.0
4454.0
3511.0
4157.0
3847.0
3660.0
3617.0
3460.0
3128.0
2795.0
3207.0
