Iran deaths 7-day avg: 181.57142857142858
new_deaths
2.0
0.0
2.0
1.0
3.0
4.0
4.0
3.0
7.0
8.0
9.0
11.0
12.0
11.0
15.0
15.0
17.0
21.0
49.0
43.0
54.0
63.0
75.0
85.0
97.0
113.0
129.0
135.0
147.0
149.0
149.0
123.0
129.0
127.0
122.0
143.0
157.0
144.0
139.0
123.0
117.0
141.0
138.0
124.0
134.0
158.0
151.0
136.0
133.0
121.0
117.0
122.0
125.0
117.0
111.0
98.0
94.0
92.0
89.0
73.0
87.0
91.0
88.0
94.0
90.0
93.0
76.0
60.0
96.0
71.0
80.0
71.0
63.0
65.0
47.0
74.0
63.0
78.0
68.0
55.0
48.0
51.0
45.0
48.0
50.0
71.0
48.0
35.0
51.0
69.0
62.0
64.0
66.0
51.0
59.0
58.0
34.0
57.0
56.0
63.0
50.0
57.0
63.0
81.0
64.0
70.0
59.0
63.0
75.0
72.0
70.0
74.0
81.0
78.0
75.0
71.0
107.0
113.0
115.0
120.0
87.0
120.0
115.0
116.0
119.0
121.0
133.0
134.0
109.0
125.0
144.0
162.0
147.0
141.0
148.0
154.0
148.0
163.0
160.0
200.0
153.0
221.0
142.0
188.0
194.0
203.0
179.0
199.0
198.0
183.0
188.0
209.0
217.0
229.0
219.0
221.0
215.0
195.0
216.0
212.0
235.0
196.0
226.0
197.0
216.0
208.0
215.0
212.0
185.0
174.0
156.0
132.0
163.0
189.0
184.0
188.0
174.0
169.0
161.0
147.0
165.0
168.0
153.0
139.0
112.0
126.0
141.0
133.0
125.0
119.0
117.0
112.0
110.0
103.0
109.0
101.0
125.0
129.0
118.0
110.0
139.0
117.0
132.0
127.0
129.0
115.0
116.0
128.0
156.0
140.0
179.0
176.0
144.0
166.0
183.0
177.0
178.0
184.0
175.0
207.0
172.0
195.0
190.0
207.0
183.0
211.0
187.0
179.0
211.0
235.0
227.0
239.0
230.0
210.0
195.0
251.0
272.0
254.0
279.0
256.0
265.0
253.0
252.0
337.0
322.0
312.0
304.0
335.0
335.0
296.0
337.0
346.0
415.0
399.0
365.0
386.0
434.0
440.0
422.0
419.0
406.0
424.0
423.0
459.0
458.0
453.0
462.0
457.0
461.0
452.0
459.0
486.0
482.0
480.0
476.0
479.0
431.0
475.0
453.0
483.0
469.0
482.0
406.0
391.0
388.0
372.0
382.0
362.0
358.0
347.0
321.0
294.0
284.0
323.0
295.0
284.0
231.0
222.0
247.0
251.0
223.0
213.0
212.0
178.0
175.0
177.0
191.0
187.0
153.0
152.0
132.0
134.0
119.0
121.0
132.0
149.0
128.0
114.0
101.0
102.0
110.0
98.0
82.0
103.0
85.0
82.0
71.0
91.0
98.0
97.0
81.0
83.0
96.0
86.0
83.0
87.0
84.0
93.0
75.0
69.0
89.0
98.0
79.0
91.0
85.0
71.0
82.0
70.0
79.0
72.0
79.0
67.0
80.0
76.0
57.0
67.0
89.0
61.0
65.0
58.0
74.0
62.0
83.0
89.0
67.0
80.0
77.0
68.0
74.0
89.0
91.0
73.0
94.0
69.0
81.0
93.0
108.0
86.0
86.0
78.0
81.0
82.0
93.0
99.0
81.0
61.0
88.0
53.0
73.0
88.0
100.0
97.0
65.0
89.0
68.0
75.0
73.0
80.0
74.0
94.0
97.0
81.0
85.0
89.0
81.0
91.0
96.0
94.0
117.0
123.0
161.0
172.0
174.0
193.0
185.0
155.0
193.0
258.0
274.0
291.0
304.0
321.0
328.0
319.0
405.0
398.0
395.0
388.0
453.0
380.0
374.0
454.0
496.0
462.0
434.0
385.0
407.0
332.0
394.0
391.0
344.0
349.0
338.0
335.0
283.0
386.0
351.0
307.0
366.0
297.0
202.0
200.0
303.0
286.0
310.0
233.0
229.0
200.0
187.0
216.0
251.0
208.0
163.0
165.0
184.0
173.0
198.0
217.0
171.0
