Italy deaths 7-day avg: 102.85714285714286
new_deaths
0
0
0
0
0
0
0
0
0
0
0
0
0
0
0
0
0
0
0
0
0
1.0
1.0
1.0
4.0
3.0
2.0
5.0
4.0
8.0
5.0
18.0
27.0
28.0
41.0
49.0
36.0
133.0
97.0
168.0
196.0
189.0
250.0
175.0
368.0
349.0
345.0
475.0
427.0
627.0
793.0
651.0
601.0
743.0
683.0
712.0
919.0
889.0
756.0
812.0
837.0
727.0
760.0
766.0
681.0
525.0
636.0
604.0
542.0
610.0
570.0
619.0
431.0
566.0
602.0
578.0
525.0
575.0
482.0
433.0
454.0
534.0
437.0
464.0
420.0
415.0
260.0
333.0
382.0
323.0
285.0
269.0
474.0
174.0
195.0
236.0
369.0
274.0
243.0
194.0
165.0
179.0
172.0
195.0
262.0
242.0
153.0
145.0
99.0
162.0
161.0
156.0
130.0
119.0
50.0
92.0
78.0
117.0
70.0
87.0
111.0
75.0
60.0
55.0
71.0
88.0
85.0
72.0
53.0
65.0
79.0
71.0
53.0
56.0
78.0
44.0
26.0
34.0
43.0
66.0
47.0
49.0
24.0
23.0
18.0
-31.0
34.0
30.0
8.0
22.0
6.0
23.0
21.0
30.0
15.0
21.0
7.0
8.0
30.0
15.0
12.0
12.0
7.0
9.0
13.0
17.0
13.0
20.0
11.0
14.0
3.0
13.0
15.0
9.0
10.0
5.0
5.0
5.0
5.0
11.0
6.0
3.0
9.0
5.0
8.0
12.0
5.0
10.0
6.0
3.0
13.0
2.0
4.0
6.0
10.0
6.0
3.0
158.0
4.0
4.0
5.0
7.0
6.0
9.0
3.0
7.0
4.0
4.0
13.0
5.0
9.0
1.0
4.0
6.0
8.0
6.0
10.0
11.0
16.0
7.0
12.0
10.0
14.0
10.0
10.0
6.0
7.0
14.0
9.0
12.0
13.0
10.0
24.0
15.0
17.0
14.0
20.0
23.0
20.0
17.0
17.0
16.0
24.0
19.0
24.0
23.0
27.0
18.0
16.0
28.0
31.0
22.0
28.0
29.0
26.0
39.0
41.0
43.0
83.0
55.0
47.0
69.0
73.0
89.0
127.0
136.0
91.0
151.0
128.0
141.0
221.0
205.0
217.0
199.0
297.0
208.0
233.0
353.0
352.0
428.0
446.0
425.0
331.0
356.0
580.0
623.0
636.0
550.0
544.0
546.0
504.0
731.0
753.0
653.0
699.0
692.0
562.0
630.0
853.0
722.0
822.0
827.0
686.0
541.0
672.0
785.0
684.0
993.0
814.0
662.0
564.0
528.0
634.0
499.0
887.0
761.0
649.0
484.0
491.0
846.0
680.0
683.0
674.0
553.0
352.0
415.0
628.0
553.0
505.0
459.0
261.0
305.0
445.0
659.0
575.0
555.0
462.0
364.0
347.0
348.0
649.0
548.0
414.0
620.0
483.0
361.0
448.0
616.0
507.0
522.0
477.0
475.0
377.0
377.0
603.0
524.0
521.0
472.0
488.0
299.0
420.0
541.0
467.0
492.0
477.0
421.0
237.0
329.0
499.0
476.0
421.0
377.0
385.0
270.0
307.0
422.0
336.0
391.0
316.0
311.0
221.0
258.0
336.0
369.0
347.0
348.0
251.0
232.0
274.0
356.0
318.0
308.0
253.0
280.0
192.0
246.0
343.0
347.0
339.0
297.0
307.0
207.0
318.0
376.0
332.0
373.0
380.0
317.0
264.0
354.0
502.0
431.0
423.0
386.0
401.0
300.0
386.0
551.0
460.0
460.0
457.0
380.0
297.0
417.0
529.0
467.0
501.0
481.0
376.0
326.0
296.0
421.0
627.0
487.0
718.0
344.0
331.0
358.0
476.0
469.0
380.0
429.0
310.0
251.0
316.0
390.0
364.0
360.0
342.0
322.0
217.0
301.0
373.0
344.0
288.0
263.0
226.0
144.0
256.0
305.0
267.0
258.0
207.0
224.0
139.0
198.0
251.0
262.0
201.0
182.0
136.0
93.0
140.0
201.0
149.0
164.0
218.0
125.0
72.0
110.0
166.0
121.0
171.0
126.0
83.0
44.0
82.0
93.0
