Kazakhstan deaths 7-day avg: 3.2857142857142856
new_deaths
0
0
0
0
0
0
0
0
0
0
0
0
0
1.0
0.0
0.0
0.0
0.0
1.0
1.0
0.0
3.0
-1.0
1.0
0.0
0.0
1.0
1.0
2.0
0.0
0.0
2.0
2.0
2.0
1.0
0.0
0.0
0.0
2.0
0.0
0.0
1.0
5.0
0.0
0.0
0.0
0.0
0.0
0.0
0.0
0.0
2.0
2.0
0.0
1.0
0.0
1.0
0.0
0.0
1.0
0.0
0.0
0.0
2.0
0.0
0.0
1.0
0.0
0.0
0.0
0.0
0.0
0.0
0.0
2.0
0.0
0.0
0.0
1.0
2.0
1.0
3.0
4.0
4.0
0.0
1.0
3.0
0.0
5.0
6.0
0.0
3.0
3.0
4.0
4.0
7.0
9.0
3.0
13.0
5.0
2.0
7.0
7.0
2.0
4.0
10.0
16.0
12.0
10.0
0.0
0.0
0.0
0.0
0.0
0.0
76.0
0.0
0.0
0.0
0.0
0.0
111.0
0.0
0.0
0.0
0.0
0.0
0.0
0.0
210.0
0.0
0.0
0.0
0.0
0.0
0.0
0.0
208.0
0.0
0.0
0.0
0.0
30.0
286.0
0.0
0.0
0.0
0.0
0.0
0.0
324.0
0.0
0.0
0.0
0.0
47.0
5.0
2.0
148.0
11.0
6.0
6.0
5.0
8.0
110.0
0.0
0.0
0.0
0.0
0.0
0.0
0.0
34.0
68.0
6.0
4.0
0.0
8.0
1.0
1.0
47.0
1.0
1.0
2.0
1.0
7.0
3.0
38.0
3.0
2.0
1.0
5.0
1.0
1.0
28.0
1.0
1.0
0.0
2.0
1.0
1.0
28.0
2.0
2.0
1.0
0.0
2.0
0.0
22.0
1.0
2.0
1.0
2.0
1.0
2.0
25.0
0.0
3.0
4.0
1.0
1.0
5.0
29.0
2.0
1.0
2.0
0.0
1.0
1.0
30.0
1.0
2.0
2.0
1.0
0.0
34.0
1.0
1.0
0.0
2.0
1.0
0.0
1.0
0.0
44.0
3.0
1.0
2.0
2.0
1.0
46.0
2.0
1.0
1.0
2.0
0.0
1.0
49.0
2.0
5.0
1.0
3.0
0.0
1.0
2.0
2.0
46.0
4.0
0.0
2.0
54.0
2.0
4.0
1.0
1.0
0.0
2.0
59.0
0.0
2.0
2.0
4.0
1.0
4.0
51.0
0.0
0.0
8.0
1.0
0.0
3.0
71.0
1.0
0.0
4.0
5.0
1.0
4.0
0.0
6.0
0.0
57.0
5.0
1.0
1.0
34.0
2.0
1.0
1.0
4.0
2.0
2.0
3.0
56.0
2.0
1.0
2.0
3.0
3.0
74.0
5.0
0.0
2.0
3.0
1.0
0.0
1.0
1.0
71.0
0.0
0.0
5.0
0.0
3.0
4.0
1.0
3.0
0.0
5.0
2.0
2.0
0.0
1.0
3.0
2.0
2.0
1.0
2.0
4.0
1.0
0.0
2.0
0.0
6.0
2.0
5.0
0.0
2.0
3.0
4.0
2.0
1.0
3.0
2.0
0.0
1.0
2.0
1.0
0.0
3.0
0.0
1.0
1.0
1.0
2.0
3.0
2.0
3.0
5.0
3.0
2.0
2.0
4.0
4.0
2.0
2.0
4.0
2.0
7.0
0.0
9.0
3.0
1.0
5.0
0.0
4.0
5.0
5.0
1.0
0.0
6.0
3.0
3.0
3.0
4.0
3.0
0.0
7.0
4.0
7.0
4.0
5.0
3.0
0.0
7.0
8.0
3.0
5.0
6.0
6.0
0.0
2.0
0.0
1.0
10.0
5.0
4.0
1.0
2.0
0.0
6.0
3.0
6.0
0.0
0.0
14.0
5.0
1.0
4.0
0.0
2.0
0.0
7.0
6.0
5.0
3.0
