Kosovo deaths 7-day avg: 0.2857142857142857
new_deaths
0
0
0
0
0
0
0
0
0
1.0
0.0
0.0
0.0
0.0
0.0
0.0
0.0
0.0
0.0
0.0
0.0
0.0
0.0
0.0
2.0
2.0
1.0
1.0
0.0
0.0
0.0
1.0
0.0
1.0
2.0
1.0
0.0
0.0
3.0
3.0
0.0
1.0
0.0
1.0
1.0
1.0
0.0
0.0
0.0
0.0
0.0
0.0
4.0
0.0
0.0
1.0
1.0
0.0
0.0
0.0
1.0
0.0
0.0
0.0
0.0
0.0
0.0
0.0
0.0
0.0
0.0
0.0
1.0
0.0
0.0
0.0
0.0
0.0
0.0
0.0
0.0
0.0
0.0
0.0
0.0
0.0
1.0
0.0
0.0
0.0
0.0
0.0
1.0
1.0
0.0
1.0
0.0
0.0
0.0
1.0
1.0
1.0
1.0
2.0
2.0
2.0
4.0
1.0
0.0
2.0
3.0
1.0
3.0
8.0
9.0
4.0
3.0
4.0
8.0
3.0
4.0
1.0
6.0
4.0
6.0
6.0
6.0
5.0
4.0
5.0
6.0
8.0
6.0
5.0
8.0
8.0
7.0
4.0
16.0
15.0
9.0
13.0
7.0
13.0
15.0
16.0
3.0
13.0
12.0
13.0
13.0
11.0
8.0
8.0
9.0
11.0
9.0
6.0
9.0
13.0
10.0
9.0
10.0
13.0
8.0
4.0
6.0
1.0
9.0
8.0
9.0
8.0
6.0
9.0
3.0
5.0
7.0
5.0
0.0
6.0
7.0
5.0
3.0
7.0
4.0
1.0
3.0
3.0
4.0
3.0
0.0
1.0
0.0
1.0
0.0
1.0
2.0
3.0
3.0
0.0
0.0
2.0
0.0
3.0
0.0
3.0
2.0
3.0
0.0
3.0
4.0
2.0
1.0
1.0
1.0
0.0
2.0
0.0
1.0
3.0
1.0
0.0
0.0
2.0
2.0
2.0
0.0
0.0
10.0
0.0
5.0
0.0
0.0
10.0
17.0
9.0
6.0
12.0
0.0
0.0
36.0
5.0
4.0
8.0
13.0
0.0
24.0
11.0
0.0
27.0
14.0
11.0
19.0
10.0
12.0
13.0
9.0
15.0
12.0
14.0
16.0
11.0
10.0
0.0
0.0
0.0
61.0
19.0
14.0
17.0
11.0
13.0
13.0
12.0
12.0
5.0
17.0
5.0
0.0
15.0
8.0
8.0
6.0
0.0
12.0
0.0
24.0
7.0
4.0
8.0
8.0
0.0
7.0
4.0
0.0
8.0
0.0
11.0
0.0
8.0
5.0
0.0
9.0
6.0
4.0
1.0
4.0
7.0
0.0
11.0
0.0
1.0
9.0
13.0
14.0
0.0
0.0
19.0
0.0
13.0
0.0
8.0
0.0
11.0
0.0
0.0
11.0
5.0
5.0
0.0
0.0
7.0
0.0
6.0
0.0
8.0
0.0
0.0
5.0
3.0
0.0
5.0
5.0
0.0
14.0
0.0
3.0
7.0
5.0
5.0
0.0
0.0
0.0
24.0
4.0
0.0
7.0
13.0
0.0
15.0
0.0
19.0
0.0
14.0
0.0
0.0
27.0
8.0
0.0
0.0
29.0
0.0
0.0
0.0
0.0
59.0
0.0
0.0
0.0
0.0
41.0
14.0
0.0
26.0
0.0
0.0
0.0
0.0
50.0
14.0
12.0
0.0
0.0
0.0
0.0
36.0
26.0
0.0
31.0
0.0
19.0
0.0
25.0
0.0
10.0
0.0
0.0
19.0
0.0
0.0
0.0
0.0
0.0
0.0
0.0
0.0
0.0
0.0
69.0
4.0
0.0
0.0
0.0
11.0
4.0
0.0
0.0
0.0
8.0
1.0
0.0
9.0
2.0
2.0
0.0
0.0
0.0
2.0
0.0
1.0
0.0
0.0
1.0
0.0
0.0
