Lithuania deaths 7-day avg: 9.571428571428571
new_deaths
0
0
0
0
0
0
0
0
0
0
0
0
0
0
0
0
0
0
0
0
0
0
0
0
1.0
1.0
1.0
1.0
0.0
0.0
0.0
0.0
2.0
0.0
0.0
1.0
1.0
2.0
1.0
0.0
0.0
1.0
1.0
1.0
1.0
1.0
4.0
0.0
1.0
1.0
1.0
3.0
0.0
1.0
0.0
1.0
1.0
2.0
1.0
0.0
0.0
0.0
0.0
1.0
0.0
0.0
0.0
1.0
1.0
0.0
0.0
1.0
0.0
3.0
0.0
0.0
2.0
1.0
1.0
2.0
0.0
1.0
0.0
0.0
1.0
1.0
1.0
2.0
0.0
1.0
0.0
2.0
0.0
1.0
0.0
0.0
0.0
0.0
0.0
1.0
2.0
0.0
0.0
0.0
1.0
0.0
0.0
1.0
0.0
0.0
0.0
0.0
0.0
0.0
0.0
1.0
0.0
0.0
0.0
0.0
0.0
0.0
0.0
0.0
1.0
0.0
0.0
0.0
0.0
0.0
0.0
0.0
0.0
0.0
0.0
0.0
0.0
0.0
0.0
0.0
1.0
0.0
0.0
0.0
0.0
0.0
0.0
0.0
0.0
0.0
0.0
0.0
0.0
0.0
0.0
0.0
0.0
0.0
1.0
0.0
0.0
0.0
0.0
0.0
0.0
0.0
0.0
0.0
0.0
0.0
0.0
0.0
0.0
1.0
1.0
1.0
0.0
1.0
0.0
0.0
0.0
1.0
0.0
0.0
0.0
0.0
0.0
0.0
0.0
0.0
0.0
0.0
0.0
0.0
0.0
1.0
0.0
1.0
0.0
0.0
0.0
0.0
0.0
0.0
0.0
0.0
0.0
1.0
2.0
0.0
0.0
2.0
1.0
0.0
0.0
0.0
1.0
2.0
1.0
1.0
2.0
1.0
1.0
1.0
0.0
2.0
0.0
1.0
4.0
0.0
3.0
1.0
2.0
2.0
3.0
3.0
4.0
3.0
1.0
6.0
2.0
5.0
5.0
4.0
6.0
8.0
3.0
4.0
11.0
6.0
2.0
7.0
10.0
9.0
8.0
17.0
10.0
11.0
14.0
17.0
14.0
14.0
20.0
21.0
23.0
19.0
20.0
27.0
20.0
18.0
22.0
27.0
23.0
22.0
22.0
27.0
21.0
34.0
19.0
38.0
34.0
24.0
44.0
25.0
27.0
17.0
35.0
47.0
54.0
28.0
45.0
25.0
43.0
39.0
46.0
28.0
46.0
56.0
35.0
36.0
44.0
61.0
42.0
39.0
43.0
45.0
56.0
41.0
51.0
50.0
37.0
40.0
34.0
43.0
41.0
41.0
29.0
43.0
34.0
37.0
33.0
35.0
34.0
31.0
26.0
22.0
25.0
38.0
36.0
34.0
23.0
20.0
17.0
29.0
29.0
17.0
25.0
17.0
22.0
17.0
20.0
18.0
23.0
19.0
10.0
18.0
17.0
16.0
25.0
25.0
19.0
13.0
10.0
15.0
18.0
16.0
16.0
17.0
9.0
7.0
11.0
11.0
9.0
16.0
9.0
10.0
9.0
10.0
18.0
13.0
9.0
18.0
7.0
8.0
5.0
10.0
12.0
10.0
16.0
7.0
14.0
6.0
11.0
15.0
10.0
12.0
12.0
10.0
15.0
9.0
11.0
8.0
10.0
12.0
9.0
6.0
8.0
9.0
11.0
8.0
8.0
5.0
8.0
12.0
12.0
13.0
11.0
16.0
10.0
16.0
5.0
12.0
9.0
12.0
9.0
10.0
15.0
17.0
16.0
15.0
8.0
7.0
9.0
20.0
23.0
16.0
7.0
14.0
13.0
6.0
20.0
17.0
7.0
19.0
5.0
10.0
11.0
8.0
6.0
12.0
13.0
4.0
15.0
9.0
14.0
10.0
19.0
6.0
12.0
12.0
10.0
14.0
11.0
9.0
6.0
10.0
12.0
9.0
10.0
