Mali deaths 7-day avg: 0.42857142857142855
new_deaths
0
0
0
0
1.0
1.0
0.0
1.0
0.0
0.0
0.0
2.0
0.0
0.0
2.0
0.0
0.0
0.0
2.0
1.0
3.0
0.0
0.0
0.0
0.0
1.0
0.0
0.0
3.0
4.0
0.0
0.0
2.0
0.0
1.0
1.0
1.0
0.0
0.0
1.0
2.0
3.0
0.0
0.0
3.0
2.0
1.0
1.0
1.0
4.0
2.0
0.0
2.0
4.0
0.0
1.0
2.0
5.0
2.0
1.0
2.0
2.0
3.0
0.0
2.0
1.0
3.0
1.0
1.0
0.0
1.0
6.0
2.0
3.0
0.0
2.0
2.0
2.0
1.0
4.0
3.0
0.0
0.0
0.0
3.0
0.0
1.0
1.0
0.0
2.0
0.0
1.0
1.0
0.0
0.0
1.0
1.0
1.0
0.0
1.0
0.0
1.0
1.0
0.0
0.0
1.0
0.0
1.0
0.0
0.0
0.0
0.0
0.0
0.0
0.0
0.0
0.0
0.0
1.0
1.0
0.0
0.0
0.0
0.0
1.0
0.0
0.0
0.0
0.0
0.0
0.0
0.0
0.0
0.0
0.0
1.0
0.0
0.0
0.0
0.0
0.0
0.0
0.0
0.0
0.0
0.0
0.0
0.0
0.0
0.0
0.0
0.0
0.0
0.0
1.0
0.0
0.0
0.0
0.0
0.0
0.0
0.0
0.0
0.0
0.0
1.0
0.0
0.0
1.0
0.0
0.0
0.0
0.0
0.0
0.0
0.0
0.0
0.0
0.0
0.0
0.0
1.0
1.0
0.0
0.0
0.0
0.0
0.0
1.0
0.0
0.0
0.0
0.0
0.0
0.0
0.0
0.0
0.0
0.0
1.0
0.0
0.0
0.0
0.0
0.0
0.0
0.0
0.0
0.0
0.0
0.0
0.0
0.0
0.0
0.0
1.0
3.0
0.0
0.0
0.0
0.0
0.0
0.0
0.0
1.0
0.0
0.0
0.0
0.0
0.0
0.0
1.0
0.0
1.0
0.0
2.0
0.0
0.0
0.0
1.0
1.0
0.0
2.0
1.0
2.0
0.0
0.0
1.0
0.0
3.0
4.0
4.0
1.0
1.0
1.0
0.0
1.0
11.0
5.0
1.0
3.0
1.0
4.0
5.0
7.0
4.0
4.0
2.0
4.0
5.0
2.0
3.0
0.0
4.0
6.0
10.0
4.0
4.0
3.0
6.0
7.0
0.0
2.0
5.0
2.0
1.0
5.0
1.0
1.0
4.0
5.0
3.0
1.0
4.0
0.0
2.0
3.0
0.0
2.0
1.0
6.0
1.0
2.0
1.0
2.0
0.0
1.0
3.0
0.0
1.0
1.0
1.0
0.0
0.0
3.0
0.0
0.0
3.0
2.0
0.0
1.0
0.0
0.0
1.0
0.0
2.0
0.0
0.0
0.0
0.0
0.0
2.0
3.0
1.0
0.0
0.0
0.0
1.0
1.0
2.0
1.0
2.0
0.0
2.0
0.0
1.0
0.0
0.0
0.0
0.0
0.0
1.0
1.0
0.0
0.0
3.0
1.0
1.0
1.0
1.0
0.0
1.0
3.0
1.0
0.0
3.0
1.0
0.0
3.0
5.0
0.0
1.0
1.0
4.0
1.0
1.0
1.0
3.0
4.0
2.0
2.0
1.0
3.0
6.0
3.0
2.0
2.0
5.0
3.0
4.0
8.0
3.0
7.0
5.0
4.0
2.0
5.0
7.0
2.0
1.0
4.0
3.0
1.0
4.0
2.0
1.0
1.0
0.0
4.0
2.0
1.0
2.0
4.0
1.0
1.0
2.0
1.0
0.0
0.0
0.0
1.0
0.0
0.0
1.0
1.0
0.0
0.0
0.0
0.0
2.0
1.0
0.0
0.0
0.0
