Mauritania deaths 7-day avg: 0.42857142857142855
new_deaths
0
0
0
0
0
0
0
0
0
0
0
0
0
0
0
0
1.0
0.0
0.0
0.0
0.0
0.0
0.0
0.0
0.0
0.0
0.0
0.0
0.0
0.0
0.0
0.0
0.0
0.0
0.0
0.0
0.0
0.0
0.0
0.0
0.0
0.0
0.0
0.0
0.0
0.0
0.0
0.0
0.0
0.0
0.0
0.0
0.0
0.0
0.0
0.0
0.0
0.0
0.0
0.0
1.0
0.0
1.0
1.0
0.0
0.0
0.0
0.0
1.0
1.0
0.0
0.0
3.0
4.0
3.0
3.0
1.0
0.0
3.0
0.0
8.0
3.0
5.0
4.0
6.0
6.0
4.0
2.0
10.0
3.0
7.0
2.0
4.0
4.0
2.0
2.0
2.0
5.0
6.0
3.0
1.0
2.0
2.0
3.0
1.0
1.0
5.0
2.0
1.0
0.0
0.0
0.0
0.0
1.0
3.0
2.0
4.0
5.0
2.0
1.0
0.0
0.0
0.0
2.0
1.0
1.0
2.0
2.0
0.0
0.0
0.0
1.0
0.0
0.0
0.0
0.0
0.0
0.0
1.0
0.0
0.0
0.0
0.0
0.0
0.0
0.0
0.0
0.0
0.0
0.0
0.0
0.0
0.0
0.0
0.0
0.0
0.0
0.0
1.0
0.0
0.0
0.0
0.0
0.0
0.0
0.0
0.0
0.0
0.0
1.0
0.0
0.0
1.0
0.0
0.0
0.0
0.0
0.0
0.0
1.0
0.0
0.0
0.0
0.0
0.0
0.0
0.0
0.0
0.0
0.0
0.0
0.0
0.0
0.0
0.0
0.0
0.0
0.0
0.0
0.0
0.0
0.0
1.0
0.0
0.0
0.0
0.0
0.0
0.0
1.0
0.0
0.0
0.0
0.0
0.0
0.0
0.0
0.0
0.0
0.0
0.0
0.0
0.0
0.0
0.0
0.0
0.0
0.0
0.0
0.0
0.0
0.0
0.0
0.0
1.0
0.0
1.0
0.0
0.0
0.0
0.0
0.0
0.0
0.0
0.0
0.0
0.0
0.0
0.0
2.0
1.0
1.0
0.0
0.0
0.0
0.0
2.0
0.0
1.0
0.0
3.0
2.0
0.0
2.0
2.0
1.0
2.0
4.0
6.0
3.0
5.0
8.0
0.0
12.0
3.0
3.0
8.0
8.0
10.0
10.0
9.0
8.0
5.0
4.0
7.0
4.0
13.0
7.0
3.0
6.0
4.0
5.0
8.0
2.0
4.0
5.0
2.0
7.0
6.0
5.0
4.0
1.0
1.0
3.0
5.0
3.0
1.0
4.0
1.0
1.0
1.0
2.0
2.0
3.0
3.0
3.0
0.0
1.0
1.0
1.0
2.0
0.0
1.0
0.0
0.0
1.0
1.0
1.0
0.0
0.0
1.0
1.0
0.0
0.0
0.0
0.0
1.0
2.0
0.0
1.0
1.0
1.0
0.0
1.0
0.0
1.0
2.0
2.0
0.0
0.0
1.0
1.0
0.0
0.0
1.0
0.0
0.0
0.0
0.0
0.0
0.0
0.0
0.0
0.0
1.0
1.0
0.0
0.0
1.0
0.0
1.0
0.0
0.0
1.0
0.0
0.0
0.0
1.0
0.0
0.0
1.0
0.0
0.0
0.0
0.0
0.0
0.0
0.0
1.0
0.0
0.0
0.0
0.0
0.0
0.0
1.0
1.0
0.0
0.0
0.0
1.0
1.0
0.0
0.0
0.0
0.0
0.0
0.0
1.0
0.0
0.0
0.0
0.0
0.0
0.0
0.0
0.0
1.0
0.0
0.0
0.0
0.0
0.0
0.0
1.0
0.0
0.0
0.0
0.0
0.0
0.0
0.0
0.0
1.0
0.0
0.0
2.0
0.0
1.0
1.0
0.0
1.0
0.0
0.0
0.0
