Mexico deaths 7-day avg: 840.0
new_deaths
0
0
0
0
0
0
0
0
0
0
0
0
0
0
0
0
0
0
0
0
0
0
0
0
0
0
0
0
0
0
0
0
0
0
0
0
0
0
0
0
0
0
0
0
0
0
0
0
0
0
0
0
0
0
0
0
0
0
0
0
0
0
0
0
0
0
0
0
0
0
0
0
0
0
0
0
0
0
1.0
1.0
0.0
1.0
1.0
1.0
1.0
2.0
4.0
4.0
4.0
8.0
1.0
8.0
13.0
10.0
19.0
15.0
31.0
16.0
33.0
20.0
39.0
40.0
23.0
36.0
74.0
43.0
37.0
60.0
104.0
36.0
26.0
145.0
113.0
99.0
152.0
84.0
46.0
83.0
135.0
163.0
127.0
113.0
89.0
93.0
117.0
236.0
197.0
257.0
199.0
193.0
112.0
108.0
353.0
294.0
257.0
290.0
278.0
132.0
155.0
334.0
424.0
420.0
479.0
190.0
215.0
239.0
501.0
463.0
447.0
371.0
364.0
151.0
237.0
470.0
1092.0
816.0
625.0
341.0
188.0
354.0
596.0
708.0
587.0
504.0
424.0
269.0
439.0
730.0
770.0
667.0
647.0
387.0
1044.0
759.0
793.0
947.0
736.0
719.0
602.0
267.0
473.0
648.0
741.0
679.0
654.0
523.0
273.0
480.0
895.0
782.0
730.0
665.0
539.0
276.0
485.0
836.0
579.0
668.0
736.0
578.0
296.0
301.0
915.0
790.0
718.0
737.0
729.0
306.0
342.0
854.0
485.0
639.0
688.0
784.0
274.0
266.0
857.0
829.0
819.0
794.0
695.0
292.0
705.0
926.0
737.0
627.0
615.0
635.0
214.0
266.0
751.0
707.0
625.0
504.0
644.0
226.0
320.0
650.0
626.0
518.0
552.0
673.0
339.0
256.0
827.0
575.0
513.0
522.0
475.0
232.0
223.0
703.0
565.0
600.0
534.0
421.0
217.0
228.0
629.0
300.0
201.0
624.0
455.0
235.0
204.0
651.0
601.0
490.0
405.0
399.0
187.0
173.0
560.0
483.0
432.0
414.0
388.0
208.0
2789.0
471.0
378.0
370.0
401.0
145.0
139.0
164.0
475.0
478.0
387.0
419.0
355.0
108.0
171.0
555.0
522.0
0.0
897.0
431.0
181.0
247.0
643.0
495.0
464.0
516.0
464.0
142.0
205.0
493.0
635.0
544.0
551.0
485.0
219.0
198.0
617.0
588.0
626.0
568.0
635.0
283.0
319.0
165.0
502.0
576.0
719.0
550.0
303.0
250.0
813.0
858.0
645.0
631.0
586.0
196.0
285.0
825.0
800.0
608.0
690.0
593.0
261.0
357.0
800.0
781.0
671.0
693.0
685.0
249.0
345.0
801.0
670.0
718.0
762.0
627.0
326.0
396.0
897.0
816.0
861.0
665.0
189.0
400.0
429.0
990.0
1052.0
910.0
700.0
344.0
362.0
544.0
1065.0
1165.0
1044.0
1038.0
1135.0
502.0
662.0
1314.0
1235.0
999.0
1106.0
1219.0
463.0
544.0
1584.0
1539.0
1803.0
1440.0
1470.0
530.0
659.0
1743.0
1623.0
1506.0
1434.0
1495.0
462.0
564.0
433.0
1707.0
0.0
3050.0
1496.0
414.0
531.0
1701.0
1328.0
1474.0
1323.0
1214.0
436.0
450.0
1329.0
1075.0
1047.0
857.0
832.0
310.0
429.0
1273.0
1006.0
877.0
782.0
783.0
458.0
437.0
1035.0
857.0
822.0
712.0
779.0
247.0
319.0
866.0
702.0
661.0
699.0
639.0
220.0
234.0
175.0
789.0
698.0
613.0
608.0
209.0
203.0
809.0
579.0
584.0
651.0
567.0
194.0
209.0
801.0
577.0
454.0
190.0
157.0
136.0
252.0
586.0
613.0
548.0
874.0
2192.0
126.0
364.0
580.0
530.0
401.0
480.0
535.0
111.0
127.0
582.0
549.0
498.0
409.0
349.0
94.0
166.0
434.0
371.0
529.0
460.0
261.0
65.0
112.0
395.0
267.0
166.0
484.0
271.0
57.0
104.0
234.0
267.0
311.0
258.0
225.0
53.0
56.0
253.0
104.0
230.0
176.0
341.0
50.0
48.0
265.0
272.0
429.0
411.0
383.0
52.0
61.0
4272.0
