Mozambique deaths 7-day avg: 0.42857142857142855
new_deaths
0
0
0
0
0
0
0
0
0
0
0
0
0
0
0
0
0
0
0
0
0
0
0
0
0
0
0
0
0
0
0
0
0
0
0
0
0
0
0
0
0
0
0
0
0
0
0
0
0
0
0
0
0
0
0
0
0
0
0
0
0
0
0
0
1.0
0.0
0.0
1.0
0.0
0.0
0.0
0.0
0.0
0.0
0.0
0.0
0.0
0.0
0.0
0.0
0.0
0.0
0.0
0.0
1.0
0.0
1.0
0.0
0.0
0.0
0.0
1.0
0.0
0.0
0.0
0.0
0.0
0.0
0.0
1.0
0.0
0.0
0.0
0.0
1.0
1.0
0.0
0.0
0.0
1.0
0.0
0.0
0.0
0.0
0.0
0.0
0.0
0.0
1.0
0.0
1.0
0.0
0.0
0.0
0.0
0.0
0.0
0.0
0.0
0.0
0.0
0.0
1.0
1.0
1.0
1.0
0.0
0.0
0.0
1.0
0.0
0.0
1.0
2.0
0.0
0.0
0.0
0.0
0.0
0.0
0.0
1.0
0.0
0.0
0.0
1.0
0.0
0.0
0.0
0.0
1.0
1.0
0.0
0.0
2.0
1.0
0.0
0.0
1.0
0.0
1.0
0.0
3.0
0.0
4.0
0.0
0.0
2.0
2.0
0.0
1.0
1.0
2.0
1.0
1.0
4.0
2.0
2.0
1.0
4.0
1.0
0.0
2.0
1.0
2.0
0.0
2.0
0.0
1.0
1.0
0.0
1.0
1.0
1.0
1.0
1.0
0.0
0.0
0.0
1.0
1.0
0.0
3.0
1.0
2.0
1.0
3.0
1.0
2.0
1.0
2.0
0.0
0.0
1.0
1.0
1.0
1.0
0.0
2.0
2.0
0.0
0.0
0.0
0.0
5.0
0.0
6.0
0.0
3.0
3.0
2.0
1.0
1.0
1.0
2.0
1.0
2.0
1.0
1.0
0.0
0.0
1.0
1.0
1.0
0.0
1.0
0.0
1.0
0.0
0.0
3.0
0.0
2.0
1.0
0.0
1.0
2.0
1.0
1.0
1.0
0.0
1.0
1.0
1.0
1.0
1.0
0.0
6.0
0.0
3.0
2.0
1.0
0.0
3.0
1.0
1.0
1.0
1.0
2.0
0.0
1.0
4.0
5.0
6.0
5.0
5.0
4.0
4.0
6.0
5.0
18.0
7.0
8.0
4.0
18.0
12.0
7.0
7.0
8.0
58.0
-34.0
7.0
11.0
9.0
7.0
4.0
19.0
17.0
12.0
12.0
9.0
15.0
9.0
5.0
15.0
6.0
15.0
13.0
11.0
10.0
12.0
4.0
10.0
10.0
12.0
4.0
8.0
4.0
7.0
2.0
5.0
0.0
17.0
11.0
12.0
12.0
3.0
6.0
6.0
6.0
7.0
5.0
2.0
7.0
4.0
8.0
3.0
3.0
0.0
7.0
1.0
4.0
3.0
3.0
3.0
1.0
3.0
2.0
1.0
5.0
4.0
2.0
0.0
5.0
6.0
0.0
3.0
4.0
0.0
0.0
3.0
0.0
3.0
1.0
0.0
2.0
0.0
3.0
0.0
0.0
3.0
1.0
0.0
2.0
2.0
3.0
0.0
1.0
1.0
0.0
2.0
5.0
0.0
0.0
0.0
0.0
1.0
0.0
2.0
1.0
1.0
1.0
1.0
2.0
2.0
1.0
0.0
0.0
0.0
0.0
0.0
2.0
0.0
0.0
0.0
3.0
0.0
0.0
0.0
2.0
1.0
0.0
1.0
1.0
0.0
0.0
0.0
