Myanmar deaths 7-day avg: 0.14285714285714285
new_deaths
0
0
0
0
1.0
0.0
0.0
0.0
0.0
0.0
0.0
0.0
2.0
0.0
0.0
0.0
1.0
0.0
0.0
0.0
0.0
0.0
1.0
0.0
0.0
0.0
0.0
0.0
0.0
0.0
0.0
0.0
0.0
1.0
0.0
0.0
0.0
0.0
0.0
0.0
0.0
0.0
0.0
0.0
0.0
0.0
0.0
0.0
0.0
0.0
0.0
0.0
0.0
0.0
0.0
0.0
0.0
0.0
0.0
0.0
0.0
0.0
0.0
0.0
0.0
0.0
0.0
0.0
0.0
0.0
0.0
0.0
0.0
0.0
0.0
0.0
0.0
0.0
0.0
0.0
0.0
0.0
0.0
0.0
0.0
0.0
0.0
0.0
0.0
0.0
0.0
0.0
0.0
0.0
0.0
0.0
0.0
0.0
0.0
0.0
0.0
0.0
0.0
0.0
0.0
0.0
0.0
0.0
0.0
0.0
0.0
0.0
0.0
0.0
0.0
0.0
0.0
0.0
0.0
0.0
0.0
0.0
0.0
0.0
0.0
0.0
0.0
0.0
0.0
0.0
0.0
0.0
0.0
0.0
0.0
0.0
0.0
0.0
0.0
0.0
0.0
0.0
0.0
0.0
0.0
0.0
0.0
0.0
0.0
0.0
0.0
0.0
0.0
0.0
0.0
0.0
0.0
0.0
0.0
0.0
0.0
1.0
1.0
0.0
0.0
4.0
2.0
0.0
0.0
2.0
8.0
8.0
7.0
7.0
15.0
14.0
6.0
13.0
6.0
16.0
17.0
22.0
19.0
24.0
28.0
30.0
28.0
26.0
11.0
32.0
18.0
41.0
32.0
27.0
39.0
25.0
31.0
32.0
48.0
18.0
29.0
39.0
33.0
34.0
39.0
42.0
34.0
31.0
27.0
33.0
33.0
28.0
29.0
27.0
25.0
25.0
27.0
20.0
18.0
21.0
24.0
25.0
23.0
22.0
24.0
20.0
24.0
17.0
24.0
19.0
28.0
26.0
18.0
25.0
22.0
26.0
25.0
26.0
19.0
27.0
17.0
26.0
19.0
26.0
36.0
19.0
22.0
31.0
23.0
31.0
26.0
30.0
31.0
22.0
29.0
22.0
19.0
23.0
27.0
19.0
25.0
23.0
24.0
27.0
27.0
31.0
21.0
26.0
19.0
22.0
19.0
23.0
25.0
20.0
27.0
22.0
17.0
19.0
27.0
18.0
15.0
14.0
17.0
16.0
22.0
19.0
14.0
13.0
14.0
20.0
12.0
20.0
24.0
10.0
14.0
16.0
13.0
18.0
13.0
11.0
16.0
18.0
14.0
17.0
7.0
13.0
7.0
14.0
12.0
10.0
6.0
7.0
0.0
22.0
3.0
5.0
0.0
0.0
9.0
3.0
1.0
3.0
4.0
0.0
1.0
1.0
2.0
0.0
-1.0
3.0
2.0
0.0
1.0
0.0
0.0
1.0
0.0
1.0
0.0
0.0
0.0
0.0
1.0
0.0
0.0
0.0
0.0
0.0
0.0
1.0
0.0
0.0
1.0
0.0
1.0
0.0
1.0
0.0
0.0
0.0
0.0
0.0
0.0
0.0
1.0
1.0
0.0
0.0
0.0
0.0
0.0
0.0
0.0
0.0
0.0
0.0
0.0
0.0
0.0
0.0
0.0
0.0
0.0
0.0
0.0
0.0
0.0
0.0
0.0
0.0
0.0
0.0
0.0
0.0
0.0
1.0
0.0
2.0
0.0
0.0
0.0
0.0
0.0
0.0
1.0
0.0
0.0
0.0
0.0
0.0
0.0
1.0
1.0
0.0
0.0
0.0
1.0
0.0
3.0
0.0
0.0
0.0
0.0
0.0
0.0
0.0
0.0
0.0
0.0
0.0
1.0
0.0
