North America deaths 7-day avg: 1585.7142857142858
new_deaths
0.0
0.0
0.0
0.0
0.0
0.0
0.0
0.0
0.0
0.0
0.0
0.0
0.0
0.0
0.0
0.0
0.0
0.0
0.0
0.0
0.0
0.0
0.0
0.0
0.0
0.0
0.0
0.0
0.0
0.0
0.0
0.0
0.0
0.0
0.0
0.0
0.0
0.0
1.0
0.0
5.0
1.0
4.0
1.0
2.0
3.0
4.0
2.0
6.0
6.0
10.0
8.0
7.0
12.0
31.0
40.0
66.0
76.0
111.0
108.0
129.0
203.0
251.0
350.0
438.0
548.0
677.0
658.0
765.0
1131.0
1328.0
1584.0
1509.0
1674.0
1735.0
1906.0
2671.0
2280.0
2366.0
2343.0
2305.0
2054.0
2190.0
2660.0
2827.0
2406.0
2320.0
2251.0
2181.0
2420.0
2875.0
2791.0
2749.0
2544.0
2003.0
1619.0
1786.0
2565.0
2848.0
2530.0
2248.0
1992.0
1440.0
1762.0
2678.0
2697.0
2364.0
2133.0
1838.0
1224.0
1303.0
2128.0
2144.0
2206.0
2092.0
1613.0
1058.0
1490.0
1892.0
2062.0
1723.0
1821.0
1387.0
968.0
935.0
1311.0
2046.0
1691.0
1607.0
1415.0
842.0
1086.0
1560.0
2195.0
1931.0
1634.0
1088.0
727.0
934.0
1598.0
1689.0
1493.0
1403.0
1234.0
677.0
898.0
1628.0
1587.0
1408.0
1369.0
1040.0
1423.0
1271.0
1647.0
1778.0
1359.0
1484.0
1196.0
648.0
937.0
1303.0
1575.0
1526.0
1436.0
954.0
681.0
966.0
2168.0
1721.0
1854.0
1648.0
1385.0
849.0
1022.0
1902.0
1688.0
1746.0
1788.0
1562.0
883.0
976.0
2152.0
2124.0
1911.0
2020.0
1796.0
939.0
1626.0
2335.0
2071.0
2033.0
2071.0
2002.0
807.0
929.0
2269.0
2394.0
2213.0
2160.0
1891.0
930.0
1441.0
2030.0
2356.0
1800.0
2064.0
1733.0
922.0
847.0
2079.0
2162.0
1824.0
1710.0
1671.0
846.0
902.0
1987.0
1937.0
1770.0
1653.0
1676.0
850.0
900.0
1960.0
1767.0
1680.0
1568.0
1363.0
739.0
627.0
1266.0
1805.0
1609.0
1786.0
1197.0
710.0
760.0
1900.0
1346.0
1172.0
1654.0
1307.0
566.0
735.0
1757.0
1748.0
1476.0
1449.0
1264.0
546.0
620.0
1493.0
1553.0
1405.0
1436.0
1173.0
689.0
3377.0
1245.0
1418.0
1443.0
1448.0
898.0
673.0
645.0
1371.0
1551.0
1353.0
1459.0
1212.0
672.0
746.0
1545.0
1755.0
1016.0
1937.0
1474.0
734.0
882.0
1705.0
1637.0
1578.0
1683.0
1472.0
707.0
866.0
2199.0
1859.0
1799.0
1917.0
1665.0
877.0
1106.0
2161.0
2145.0
1952.0
1911.0
2121.0
1157.0
1287.0
2000.0
2623.0
2784.0
2806.0
2278.0
1417.0
1519.0
3101.0
3245.0
2180.0
2329.0
2063.0
1353.0
1817.0
3493.0
3782.0
3748.0
3559.0
3076.0
1739.0
2188.0
3593.0
4171.0
3885.0
4319.0
3317.0
2019.0
2252.0
4156.0
4552.0
4496.0
3934.0
3461.0
2217.0
2556.0
4545.0
4473.0
4018.0
2222.0
2222.0
2011.0
2722.0
4936.0
5012.0
4606.0
2977.0
3020.0
1992.0
2997.0
5023.0
5365.0
5310.0
5451.0
4701.0
2697.0
3010.0
6104.0
5578.0
5280.0
5276.0
4858.0
2601.0
2353.0
4613.0
6274.0
6284.0
5595.0
5051.0
2632.0
2890.0
6024.0
5816.0
5882.0
5349.0
4529.0
2502.0
2859.0
4079.0
5875.0
3999.0
7003.0
4357.0
2024.0
2350.0
5014.0
4845.0
4902.0
4435.0
3587.0
1702.0
1552.0
3256.0
3612.0
3759.0
3667.0
2783.0
1687.0
1909.0
3660.0
4333.0
3461.0
2966.0
2435.0
1647.0
2062.0
3091.0
3508.0
2875.0
2595.0
2364.0
1034.0
1158.0
2792.0
2372.0
2329.0
2378.0
1714.0
860.0
1091.0
1463.0
2136.0
2455.0
1879.0
1441.0
718.0
1022.0
1791.0
2177.0
2082.0
1926.0
1436.0
771.0
999.0
1789.0
1786.0
1625.0
1205.0
966.0
490.0
851.0
1578.0
3310.0
1679.0
1929.0
2995.0
520.0
968.0
1552.0
1662.0
1456.0
1493.0
1352.0
546.0
741.0
1562.0
1547.0
1659.0
1364.0
1195.0
510.0
789.0
1251.0
1497.0
1571.0
1362.0
1086.0
491.0
836.0
1451.0
1228.0
1152.0
1442.0
1013.0
379.0
749.0
1188.0
1361.0
1280.0
1099.0
858.0
417.0
654.0
1240.0
930.0
1089.0
962.0
937.0
315.0
706.0
1034.0
1415.0
1950.0
1137.0
843.0
243.0
459.0
5053.0
