North Macedonia deaths 7-day avg: 11.571428571428571
new_deaths
0
0
0
0
0
0
0
0
0
0
0
0
0
0
0
0
0
0
0
0
0
0
0
0
0
1.0
1.0
0.0
1.0
0.0
0.0
1.0
2.0
1.0
2.0
2.0
0.0
1.0
5.0
1.0
5.0
3.0
3.0
1.0
2.0
2.0
0.0
4.0
6.0
1.0
1.0
3.0
0.0
2.0
3.0
1.0
1.0
0.0
1.0
2.0
2.0
4.0
6.0
2.0
4.0
4.0
1.0
2.0
1.0
1.0
2.0
1.0
1.0
1.0
0.0
0.0
1.0
3.0
0.0
2.0
1.0
3.0
3.0
2.0
4.0
1.0
1.0
1.0
0.0
0.0
3.0
3.0
2.0
5.0
5.0
2.0
7.0
1.0
4.0
2.0
2.0
2.0
2.0
3.0
1.0
7.0
5.0
2.0
8.0
9.0
5.0
8.0
9.0
6.0
6.0
11.0
5.0
9.0
4.0
8.0
6.0
3.0
9.0
9.0
12.0
4.0
4.0
15.0
7.0
6.0
7.0
5.0
5.0
8.0
3.0
6.0
8.0
6.0
3.0
4.0
4.0
8.0
5.0
8.0
8.0
10.0
0.0
10.0
3.0
6.0
9.0
0.0
6.0
5.0
5.0
4.0
6.0
7.0
4.0
3.0
5.0
6.0
6.0
2.0
4.0
4.0
1.0
1.0
1.0
2.0
3.0
4.0
5.0
3.0
2.0
2.0
3.0
3.0
6.0
1.0
4.0
5.0
5.0
7.0
5.0
6.0
4.0
3.0
1.0
2.0
0.0
3.0
5.0
3.0
6.0
8.0
3.0
3.0
5.0
4.0
2.0
4.0
9.0
7.0
7.0
8.0
6.0
4.0
7.0
5.0
5.0
2.0
9.0
1.0
3.0
4.0
8.0
2.0
4.0
6.0
4.0
3.0
4.0
8.0
4.0
3.0
6.0
4.0
7.0
5.0
3.0
9.0
6.0
6.0
3.0
10.0
12.0
4.0
12.0
12.0
9.0
14.0
22.0
15.0
15.0
14.0
14.0
5.0
12.0
10.0
21.0
24.0
22.0
13.0
12.0
14.0
26.0
20.0
30.0
26.0
26.0
25.0
18.0
24.0
40.0
31.0
21.0
26.0
39.0
25.0
24.0
35.0
15.0
39.0
30.0
28.0
41.0
32.0
32.0
29.0
33.0
22.0
30.0
24.0
23.0
25.0
28.0
46.0
28.0
26.0
19.0
25.0
26.0
22.0
25.0
31.0
29.0
20.0
18.0
22.0
26.0
14.0
21.0
26.0
26.0
18.0
11.0
17.0
15.0
15.0
7.0
12.0
8.0
20.0
9.0
12.0
10.0
11.0
22.0
8.0
13.0
12.0
10.0
15.0
10.0
14.0
6.0
13.0
11.0
13.0
15.0
14.0
11.0
6.0
6.0
21.0
9.0
10.0
10.0
7.0
7.0
11.0
7.0
20.0
7.0
8.0
8.0
8.0
22.0
9.0
4.0
7.0
5.0
5.0
13.0
9.0
5.0
7.0
8.0
19.0
10.0
16.0
13.0
9.0
13.0
13.0
8.0
7.0
11.0
7.0
7.0
5.0
9.0
11.0
9.0
10.0
11.0
22.0
16.0
21.0
15.0
20.0
19.0
21.0
24.0
24.0
15.0
21.0
24.0
25.0
30.0
25.0
17.0
29.0
33.0
35.0
33.0
41.0
33.0
32.0
29.0
50.0
45.0
35.0
37.0
45.0
51.0
35.0
42.0
32.0
46.0
34.0
27.0
33.0
35.0
31.0
31.0
24.0
35.0
31.0
47.0
39.0
33.0
22.0
27.0
37.0
28.0
30.0
46.0
37.0
36.0
45.0
25.0
31.0
24.0
26.0
25.0
12.0
14.0
16.0
26.0
16.0
17.0
16.0
13.0
14.0
19.0
2.0
17.0
16.0
15.0
16.0
15.0
18.0
13.0
14.0
13.0
18.0
11.0
10.0
5.0
10.0
