Oman deaths 7-day avg: 10.285714285714286
new_deaths
0
0
0
0
0
0
0
0
0
0
0
0
0
0
0
0
0
0
0
0
0
0
0
0
0
0
0
0
0
0
0
0
0
0
0
0
1.0
0.0
0.0
0.0
1.0
0.0
0.0
0.0
0.0
1.0
0.0
0.0
1.0
0.0
0.0
0.0
0.0
2.0
0.0
1.0
0.0
1.0
0.0
1.0
1.0
0.0
0.0
0.0
0.0
0.0
1.0
0.0
1.0
0.0
0.0
1.0
0.0
2.0
1.0
1.0
0.0
0.0
0.0
0.0
1.0
2.0
1.0
1.0
3.0
2.0
3.0
1.0
3.0
2.0
1.0
0.0
0.0
2.0
1.0
0.0
2.0
7.0
1.0
9.0
8.0
0.0
5.0
0.0
3.0
6.0
2.0
1.0
5.0
7.0
3.0
5.0
4.0
6.0
2.0
3.0
6.0
3.0
3.0
6.0
3.0
2.0
2.0
9.0
6.0
4.0
6.0
7.0
9.0
3.0
5.0
10.0
10.0
5.0
6.0
9.0
3.0
8.0
4.0
9.0
2.0
14.0
8.0
9.0
8.0
10.0
10.0
8.0
11.0
12.0
6.0
4.0
12.0
13.0
9.0
9.0
10.0
9.0
0.0
0.0
0.0
0.0
0.0
67.0
4.0
10.0
7.0
4.0
8.0
12.0
6.0
12.0
6.0
5.0
10.0
16.0
9.0
6.0
6.0
0.0
0.0
0.0
28.0
5.0
4.0
4.0
0.0
0.0
27.0
8.0
4.0
0.0
16.0
0.0
0.0
23.0
6.0
8.0
9.0
11.0
0.0
0.0
18.0
10.0
7.0
8.0
13.0
0.0
0.0
28.0
7.0
12.0
10.0
10.0
0.0
0.0
24.0
15.0
11.0
0.0
0.0
0.0
0.0
42.0
8.0
5.0
10.0
9.0
0.0
0.0
29.0
8.0
7.0
8.0
10.0
0.0
0.0
30.0
13.0
8.0
15.0
10.0
0.0
0.0
27.0
16.0
13.0
5.0
0.0
0.0
0.0
38.0
10.0
8.0
11.0
11.0
0.0
0.0
15.0
9.0
6.0
5.0
5.0
0.0
0.0
12.0
12.0
0.0
10.0
5.0
0.0
0.0
15.0
6.0
5.0
0.0
0.0
0.0
0.0
27.0
5.0
7.0
0.0
5.0
0.0
0.0
9.0
8.0
2.0
7.0
2.0
0.0
0.0
8.0
1.0
3.0
5.0
3.0
0.0
0.0
5.0
1.0
1.0
1.0
0.0
0.0
0.0
4.0
0.0
2.0
0.0
2.0
0.0
0.0
2.0
1.0
0.0
2.0
1.0
0.0
0.0
3.0
0.0
0.0
0.0
1.0
0.0
0.0
3.0
2.0
2.0
0.0
1.0
0.0
0.0
4.0
1.0
2.0
1.0
2.0
0.0
0.0
2.0
3.0
0.0
0.0
0.0
0.0
0.0
2.0
1.0
1.0
1.0
2.0
0.0
0.0
3.0
1.0
1.0
5.0
0.0
0.0
0.0
3.0
3.0
2.0
1.0
4.0
0.0
0.0
8.0
7.0
3.0
3.0
0.0
0.0
0.0
8.0
3.0
3.0
3.0
0.0
0.0
0.0
8.0
1.0
5.0
3.0
3.0
0.0
0.0
2.0
7.0
4.0
11.0
6.0
0.0
0.0
11.0
1.0
7.0
9.0
3.0
0.0
0.0
9.0
32.0
6.0
7.0
12.0
0.0
0.0
29.0
13.0
9.0
9.0
14.0
0.0
0.0
57.0
12.0
19.0
17.0
16.0
0.0
0.0
35.0
6.0
9.0
9.0
9.0
0.0
0.0
33.0
10.0
9.0
9.0
12.0
0.0
0.0
37.0
18.0
10.0
0.0
0.0
0.0
0.0
45.0
13.0
13.0
9.0
11.0
0.0
0.0
26.0
9.0
10.0
9.0
10.0
0.0
0.0
31.0
11.0
11.0
