Peru deaths 7-day avg: 124.57142857142857
new_deaths
0
0
0
0
0
0
0
0
0
0
0
0
0
0
0
0
0
0
0
0
0
0
0
0
0
0
0
0
0
0
0
0
0
0
0
0
0
0
0
0
0
0
0
0
0
0
0
0
0
0
0
0
0
0
0
0
0
0
0
0
0
0
0
0
0
0
0
0
0
0
0
0
0
0
3.0
2.0
0.0
0.0
2.0
2.0
0.0
2.0
5.0
2.0
6.0
6.0
8.0
17.0
6.0
12.0
10.0
9.0
15.0
14.0
17.0
31.0
12.0
12.0
23.0
14.0
24.0
20.0
26.0
48.0
52.0
45.0
39.0
46.0
42.0
62.0
66.0
28.0
54.0
72.0
89.0
108.0
73.0
76.0
86.0
58.0
100.0
89.0
94.0
87.0
100.0
75.0
72.0
96.0
112.0
98.0
125.0
131.0
125.0
141.0
125.0
110.0
124.0
96.0
129.0
83.0
173.0
159.0
195.0
116.0
131.0
141.0
135.0
128.0
133.0
127.0
137.0
131.0
139.0
164.0
106.0
167.0
165.0
185.0
0.0
220.0
380.0
172.0
196.0
201.0
204.0
199.0
201.0
184.0
178.0
181.0
182.0
175.0
178.0
196.0
182.0
187.0
173.0
183.0
185.0
181.0
186.0
177.0
183.0
180.0
181.0
181.0
186.0
182.0
188.0
184.0
175.0
188.0
198.0
184.0
199.0
189.0
197.0
195.0
188.0
3887.0
189.0
0.0
0.0
575.0
194.0
204.0
0.0
205.0
0.0
593.0
197.0
196.0
221.0
196.0
225.0
0.0
423.0
204.0
225.0
0.0
212.0
4143.0
0.0
219.0
206.0
200.0
177.0
176.0
200.0
211.0
208.0
210.0
150.0
188.0
123.0
153.0
194.0
136.0
181.0
156.0
124.0
0.0
337.0
149.0
133.0
151.0
138.0
147.0
113.0
108.0
126.0
56.0
184.0
102.0
115.0
124.0
95.0
137.0
86.0
0.0
0.0
199.0
302.0
167.0
0.0
105.0
120.0
62.0
72.0
67.0
72.0
74.0
0.0
133.0
92.0
80.0
95.0
89.0
125.0
82.0
52.0
62.0
0.0
158.0
0.0
71.0
54.0
57.0
61.0
55.0
109.0
0.0
49.0
116.0
0.0
48.0
60.0
58.0
47.0
49.0
65.0
0.0
0.0
195.0
59.0
0.0
53.0
38.0
58.0
64.0
49.0
39.0
36.0
39.0
71.0
54.0
40.0
46.0
0.0
129.0
103.0
0.0
46.0
46.0
44.0
0.0
100.0
94.0
44.0
0.0
43.0
0.0
110.0
0.0
119.0
36.0
43.0
0.0
127.0
98.0
0.0
45.0
0.0
133.0
77.0
0.0
104.0
0.0
0.0
176.0
69.0
70.0
45.0
0.0
99.0
51.0
0.0
106.0
51.0
49.0
106.0
0.0
0.0
93.0
57.0
0.0
95.0
0.0
124.0
0.0
0.0
231.0
55.0
64.0
0.0
255.0
0.0
116.0
0.0
0.0
274.0
0.0
230.0
0.0
334.0
0.0
499.0
0.0
165.0
212.0
373.0
169.0
0.0
155.0
357.0
0.0
215.0
180.0
375.0
0.0
318.0
0.0
419.0
0.0
210.0
448.0
177.0
0.0
176.0
252.0
181.0
201.0
407.0
0.0
166.0
224.0
196.0
411.0
205.0
0.0
195.0
400.0
0.0
195.0
217.0
185.0
190.0
173.0
309.0
0.0
160.0
161.0
180.0
177.0
162.0
174.0
346.0
0.0
374.0
0.0
301.0
0.0
276.0
0.0
357.0
201.0
206.0
231.0
166.0
0.0
373.0
153.0
170.0
294.0
252.0
261.0
0.0
273.0
567.0
307.0
384.0
234.0
327.0
259.0
323.0
0.0
337.0
648.0
0.0
740.0
417.0
0.0
650.0
408.0
428.0
284.0
289.0
0.0
729.0
0.0
735.0
0.0
649.0
249.0
299.0
0.0
302.0
0.0
850.0
277.0
0.0
270.0
525.0
0.0
710.0
0.0
612.0
0.0
251.0
563.0
0.0
219.0
554.0
246.0
0.0
417.0
164.0
182.0
0.0
162.0
0.0
364.0
0.0
