Philippines deaths 7-day avg: 141.85714285714286
new_deaths
0
0
0
1.0
0.0
0.0
0.0
0.0
0.0
0.0
0.0
0.0
0.0
0.0
0.0
0.0
0.0
0.0
0.0
0.0
0.0
0.0
0.0
0.0
0.0
0.0
0.0
0.0
0.0
0.0
0.0
0.0
0.0
0.0
0.0
0.0
0.0
0.0
0.0
0.0
0.0
0.0
1.0
3.0
3.0
3.0
1.0
0.0
7.0
-2.0
1.0
1.0
6.0
8.0
2.0
3.0
7.0
9.0
14.0
3.0
7.0
10.0
8.0
11.0
29.0
8.0
8.0
11.0
14.0
5.0
21.0
18.0
26.0
50.0
18.0
20.0
14.0
13.0
25.0
10.0
12.0
19.0
9.0
9.0
16.0
15.0
17.0
7.0
10.0
19.0
28.0
10.0
11.0
24.0
4.0
16.0
14.0
21.0
27.0
11.0
8.0
15.0
7.0
25.0
21.0
18.0
16.0
11.0
7.0
7.0
6.0
5.0
4.0
11.0
6.0
5.0
5.0
13.0
18.0
17.0
21.0
8.0
7.0
3.0
6.0
8.0
10.0
3.0
7.0
9.0
8.0
6.0
10.0
9.0
16.0
22.0
14.0
10.0
5.0
5.0
8.0
14.0
20.0
19.0
8.0
9.0
18.0
8.0
12.0
12.0
8.0
11.0
11.0
4.0
4.0
6.0
10.0
7.0
6.0
6.0
5.0
0.0
46.0
12.0
162.0
65.0
4.0
11.0
29.0
17.0
113.0
58.0
4.0
2.0
6.0
28.0
8.0
18.0
35.0
13.0
2.0
15.0
21.0
40.0
16.0
20.0
45.0
11.0
8.0
27.0
18.0
41.0
61.0
24.0
18.0
92.0
22.0
16.0
158.0
65.0
16.0
6.0
108.0
88.0
57.0
26.0
32.0
12.0
28.0
99.0
97.0
91.0
94.0
101.0
38.0
39.0
26.0
65.0
49.0
53.0
85.0
15.0
26.0
70.0
80.0
42.0
184.0
79.0
259.0
33.0
69.0
53.0
45.0
100.0
54.0
15.0
50.0
42.0
36.0
69.0
88.0
60.0
37.0
67.0
56.0
58.0
54.0
62.0
98.0
64.0
25.0
60.0
144.0
83.0
86.0
83.0
11.0
40.0
77.0
48.0
34.0
72.0
49.0
23.0
15.0
57.0
36.0
132.0
19.0
43.0
62.0
14.0
61.0
33.0
38.0
36.0
17.0
31.0
49.0
49.0
42.0
52.0
24.0
54.0
108.0
14.0
49.0
11.0
31.0
39.0
41.0
7.0
23.0
95.0
41.0
27.0
55.0
43.0
50.0
12.0
30.0
27.0
13.0
78.0
40.0
19.0
26.0
18.0
10.0
63.0
17.0
28.0
18.0
98.0
7.0
24.0
8.0
21.0
3.0
24.0
55.0
21.0
17.0
25.0
36.0
36.0
10.0
64.0
27.0
7.0
7.0
5.0
42.0
15.0
38.0
68.0
14.0
4.0
5.0
4.0
6.0
58.0
26.0
9.0
8.0
34.0
7.0
11.0
138.0
145.0
40.0
137.0
8.0
11.0
14.0
69.0
64.0
74.0
20.0
54.0
52.0
50.0
94.0
95.0
71.0
48.0
69.0
80.0
58.0
67.0
68.0
55.0
61.0
52.0
69.0
52.0
65.0
105.0
68.0
26.0
12.0
8.0
2.0
7.0
53.0
96.0
156.0
239.0
20.0
6.0
13.0
22.0
72.0
46.0
42.0
29.0
4.0
47.0
20.0
15.0
19.0
42.0
51.0
5.0
7.0
17.0
63.0
86.0
72.0
63.0
8.0
11.0
18.0
21.0
13.0
30.0
38.0
4.0
20.0
47.0
56.0
54.0
10.0
11.0
16.0
5.0
106.0
6.0
17.0
103.0
2.0
10.0
382.0
242.0
60.0
401.0
224.0
201.0
204.0
137.0
161.0
147.0
144.0
72.0
150.0
88.0
93.0
124.0
105.0
159.0
145.0
109.0
70.0
63.0
115.0
114.0
89.0
120.0
77.0
94.0
97.0
178.0
191.0
108.0
170.0
203.0
90.0
58.0
94.0
107.0
137.0
93.0
140.0
71.0
110.0
135.0
134.0
122.0
183.0
5.0
32.0
36.0
150.0
210.0
187.0
156.0
138.0
106.0
46.0
