Poland deaths 7-day avg: 36.42857142857143
new_deaths
0
0
0
0
0
0
0
0
1.0
1.0
1.0
0.0
1.0
1.0
0.0
0.0
0.0
0.0
2.0
1.0
2.0
4.0
2.0
0.0
2.0
4.0
9.0
2.0
10.0
14.0
14.0
8.0
15.0
13.0
22.0
30.0
15.0
7.0
27.0
24.0
13.0
18.0
23.0
28.0
18.0
15.0
13.0
20.0
21.0
25.0
28.0
40.0
30.0
11.0
27.0
34.0
28.0
20.0
7.0
13.0
14.0
20.0
18.0
17.0
22.0
21.0
9.0
15.0
11.0
28.0
22.0
22.0
24.0
8.0
10.0
11.0
12.0
14.0
10.0
10.0
11.0
3.0
11.0
17.0
4.0
10.0
13.0
10.0
3.0
10.0
18.0
23.0
2.0
20.0
16.0
4.0
9.0
17.0
23.0
9.0
7.0
15.0
10.0
9.0
16.0
14.0
30.0
18.0
12.0
10.0
3.0
16.0
21.0
16.0
17.0
6.0
3.0
6.0
19.0
14.0
15.0
15.0
5.0
5.0
4.0
7.0
14.0
9.0
11.0
6.0
3.0
5.0
12.0
6.0
11.0
7.0
6.0
6.0
3.0
9.0
6.0
9.0
4.0
9.0
7.0
5.0
6.0
12.0
15.0
7.0
5.0
10.0
1.0
6.0
18.0
18.0
13.0
13.0
7.0
2.0
12.0
9.0
14.0
14.0
11.0
8.0
8.0
11.0
17.0
12.0
13.0
13.0
4.0
5.0
17.0
17.0
16.0
8.0
14.0
1.0
6.0
19.0
20.0
14.0
8.0
13.0
7.0
4.0
12.0
11.0
12.0
10.0
13.0
6.0
15.0
24.0
10.0
16.0
17.0
12.0
11.0
5.0
18.0
28.0
25.0
23.0
32.0
8.0
15.0
36.0
30.0
30.0
27.0
34.0
26.0
29.0
58.0
75.0
75.0
52.0
53.0
32.0
35.0
62.0
116.0
91.0
132.0
84.0
49.0
41.0
107.0
130.0
168.0
153.0
179.0
87.0
45.0
132.0
234.0
300.0
202.0
280.0
152.0
92.0
227.0
373.0
367.0
445.0
349.0
236.0
173.0
330.0
430.0
275.0
419.0
546.0
303.0
143.0
357.0
603.0
637.0
626.0
574.0
330.0
156.0
540.0
674.0
580.0
579.0
599.0
283.0
121.0
449.0
609.0
620.0
531.0
502.0
228.0
92.0
411.0
568.0
470.0
544.0
502.0
188.0
96.0
349.0
605.0
431.0
426.0
483.0
143.0
77.0
309.0
472.0
497.0
240.0
69.0
57.0
29.0
307.0
565.0
535.0
402.0
102.0
61.0
42.0
341.0
553.0
186.0
333.0
437.0
178.0
75.0
329.0
481.0
382.0
388.0
369.0
142.0
52.0
291.0
443.0
420.0
347.0
345.0
110.0
38.0
264.0
389.0
389.0
337.0
302.0
98.0
42.0
254.0
421.0
447.0
368.0
282.0
93.0
45.0
228.0
361.0
456.0
247.0
285.0
98.0
25.0
196.0
280.0
274.0
241.0
254.0
94.0
17.0
248.0
372.0
286.0
259.0
303.0
113.0
24.0
215.0
352.0
289.0
263.0
247.0
126.0
32.0
282.0
398.0
376.0
351.0
344.0
110.0
28.0
372.0
454.0
356.0
419.0
352.0
141.0
65.0
396.0
579.0
520.0
445.0
448.0
131.0
48.0
460.0
653.0
620.0
500.0
572.0
204.0
64.0
60.0
638.0
956.0
768.0
749.0
245.0
60.0
645.0
804.0
682.0
596.0
617.0
207.0
101.0
601.0
739.0
695.0
539.0
515.0
193.0
22.0
460.0
636.0
540.0
429.0
422.0
144.0
37.0
28.0
349.0
511.0
452.0
421.0
146.0
22.0
302.0
343.0
342.0
290.0
298.0
55.0
11.0
245.0
330.0
250.0
191.0
191.0
46.0
17.0
151.0
209.0
135.0
117.0
125.0
56.0
7.0
111.0
128.0
91.0
26.0
38.0
13.0
8.0
95.0
108.0
84.0
68.0
47.0
11.0
1.0
52.0
62.0
46.0
48.0
41.0
5.0
1.0
