Russia deaths 7-day avg: 376.14285714285717
new_deaths
0
0
0
0
0
0
0
0
0
0
0
0
0
0
0
0
0
0
0
0
0
0
0
0
0
0
0
0
0
0
0
0
0
0
0
0
0
0
0
0
0
0
0
0
0
0
0
0
1.0
0.0
0.0
0.0
0.0
0.0
2.0
0.0
1.0
0.0
4.0
1.0
8.0
7.0
6.0
4.0
9.0
2.0
2.0
11.0
5.0
13.0
18.0
12.0
24.0
18.0
22.0
28.0
34.0
41.0
40.0
48.0
44.0
51.0
57.0
42.0
60.0
66.0
66.0
47.0
73.0
105.0
101.0
96.0
53.0
58.0
76.0
95.0
86.0
88.0
98.0
104.0
88.0
94.0
107.0
96.0
93.0
113.0
119.0
94.0
91.0
115.0
135.0
127.0
150.0
139.0
153.0
92.0
174.0
161.0
174.0
232.0
181.0
138.0
156.0
182.0
177.0
168.0
144.0
197.0
134.0
112.0
171.0
216.0
172.0
183.0
114.0
119.0
143.0
193.0
194.0
182.0
181.0
161.0
109.0
95.0
153.0
154.0
91.0
176.0
188.0
102.0
92.0
154.0
215.0
147.0
176.0
167.0
134.0
135.0
198.0
172.0
176.0
174.0
188.0
130.0
104.0
175.0
156.0
167.0
186.0
122.0
95.0
85.0
153.0
165.0
147.0
153.0
146.0
77.0
85.0
149.0
167.0
128.0
161.0
95.0
70.0
79.0
144.0
138.0
114.0
119.0
129.0
76.0
70.0
130.0
128.0
122.0
114.0
118.0
68.0
54.0
129.0
115.0
107.0
90.0
120.0
73.0
65.0
118.0
114.0
120.0
108.0
111.0
68.0
83.0
122.0
115.0
114.0
119.0
109.0
61.0
50.0
121.0
141.0
127.0
102.0
117.0
91.0
56.0
150.0
130.0
143.0
132.0
142.0
79.0
71.0
155.0
145.0
147.0
106.0
167.0
99.0
60.0
157.0
174.0
166.0
185.0
172.0
107.0
115.0
184.0
196.0
184.0
198.0
194.0
140.0
123.0
240.0
235.0
281.0
230.0
277.0
182.0
166.0
268.0
313.0
286.0
281.0
294.0
228.0
217.0
317.0
343.0
359.0
351.0
325.0
239.0
238.0
347.0
385.0
289.0
369.0
356.0
282.0
254.0
353.0
427.0
429.0
401.0
380.0
349.0
299.0
435.0
449.0
457.0
455.0
462.0
396.0
354.0
483.0
498.0
515.0
487.0
501.0
451.0
364.0
559.0
580.0
543.0
557.0
498.0
447.0
447.0
552.0
546.0
549.0
601.0
553.0
481.0
442.0
564.0
584.0
574.0
602.0
574.0
498.0
481.0
551.0
536.0
624.0
551.0
554.0
541.0
479.0
548.0
585.0
579.0
527.0
437.0
495.0
473.0
503.0
431.0
491.0
439.0
456.0
440.0
426.0
519.0
555.0
553.0
542.0
576.0
467.0
458.0
573.0
582.0
596.0
566.0
543.0
478.0
444.0
550.0
580.0
562.0
521.0
502.0
473.0
427.0
526.0
515.0
508.0
515.0
490.0
420.0
398.0
519.0
526.0
542.0
496.0
492.0
422.0
385.0
449.0
459.0
469.0
461.0
469.0
409.0
329.0
411.0
378.0
437.0
419.0
430.0
370.0
325.0
433.0
443.0
467.0
453.0
432.0
361.0
371.0
330.0
458.0
451.0
477.0
468.0
389.0
400.0
437.0
420.0
451.0
438.0
386.0
367.0
355.0
419.0
393.0
386.0
400.0
382.0
331.0
290.0
404.0
402.0
375.0
392.0
377.0
350.0
336.0
382.0
369.0
358.0
396.0
395.0
333.0
270.0
330.0
393.0
392.0
392.0
392.0
383.0
339.0
372.0
392.0
391.0
390.0
390.0
326.0
349.0
384.0
380.0
355.0
388.0
385.0
336.0
330.0
329.0
352.0
344.0
369.0
362.0
328.0
315.0
323.0
347.0
385.0
387.0
359.0
386.0
336.0
356.0
384.0
390.0
371.0
380.0
353.0
315.0
385.0
398.0
395.0
396.0
395.0
349.0
334.0
366.0
