Slovakia deaths 7-day avg: 7.428571428571429
new_deaths
0
0
0
0
0
0
0
0
0
0
0
0
0
0
0
0
0
0
0
0
0
0
0
0
0
0
1.0
0.0
0.0
0.0
0.0
1.0
0.0
0.0
0.0
0.0
0.0
0.0
0.0
0.0
4.0
2.0
1.0
2.0
1.0
1.0
1.0
0.0
1.0
2.0
0.0
1.0
0.0
2.0
2.0
1.0
0.0
1.0
0.0
1.0
0.0
0.0
1.0
0.0
0.0
0.0
0.0
1.0
0.0
0.0
0.0
1.0
0.0
0.0
0.0
0.0
0.0
0.0
0.0
0.0
0.0
0.0
0.0
0.0
0.0
0.0
0.0
0.0
0.0
0.0
0.0
0.0
0.0
0.0
0.0
0.0
0.0
0.0
0.0
0.0
0.0
0.0
0.0
0.0
0.0
0.0
0.0
0.0
0.0
0.0
0.0
0.0
0.0
0.0
0.0
0.0
0.0
0.0
0.0
0.0
0.0
0.0
0.0
0.0
0.0
0.0
0.0
0.0
0.0
0.0
0.0
0.0
0.0
0.0
0.0
0.0
0.0
0.0
0.0
0.0
0.0
0.0
0.0
0.0
0.0
0.0
0.0
1.0
0.0
0.0
0.0
0.0
0.0
0.0
2.0
0.0
0.0
0.0
0.0
0.0
0.0
0.0
0.0
0.0
0.0
0.0
2.0
0.0
0.0
0.0
0.0
0.0
0.0
0.0
0.0
0.0
0.0
0.0
0.0
0.0
0.0
4.0
0.0
0.0
0.0
0.0
0.0
0.0
0.0
0.0
1.0
0.0
0.0
0.0
0.0
1.0
0.0
0.0
0.0
0.0
1.0
1.0
0.0
0.0
3.0
0.0
0.0
1.0
3.0
0.0
6.0
0.0
1.0
0.0
0.0
0.0
2.0
0.0
4.0
0.0
0.0
0.0
5.0
5.0
0.0
11.0
6.0
4.0
6.0
0.0
17.0
19.0
25.0
0.0
6.0
11.0
8.0
16.0
12.0
7.0
0.0
0.0
16.0
26.0
25.0
31.0
34.0
0.0
15.0
24.0
24.0
50.0
27.0
19.0
0.0
16.0
31.0
22.0
0.0
35.0
30.0
27.0
22.0
16.0
23.0
17.0
22.0
27.0
18.0
23.0
29.0
30.0
32.0
27.0
24.0
15.0
22.0
28.0
38.0
20.0
18.0
26.0
27.0
30.0
46.0
58.0
69.0
62.0
70.0
45.0
63.0
0.0
68.0
46.0
0.0
0.0
41.0
106.0
104.0
82.0
73.0
112.0
0.0
67.0
204.0
82.0
54.0
60.0
71.0
48.0
82.0
89.0
95.0
61.0
97.0
102.0
55.0
57.0
52.0
111.0
100.0
64.0
93.0
71.0
103.0
0.0
192.0
101.0
50.0
84.0
70.0
77.0
69.0
73.0
105.0
87.0
74.0
85.0
64.0
72.0
111.0
120.0
127.0
104.0
79.0
73.0
67.0
111.0
105.0
103.0
79.0
74.0
81.0
72.0
94.0
104.0
84.0
107.0
109.0
114.0
81.0
118.0
101.0
71.0
105.0
74.0
97.0
85.0
116.0
109.0
98.0
102.0
94.0
88.0
77.0
64.0
69.0
76.0
80.0
84.0
66.0
60.0
86.0
71.0
52.0
60.0
53.0
70.0
46.0
82.0
95.0
71.0
87.0
71.0
77.0
69.0
0.0
149.0
79.0
89.0
76.0
78.0
65.0
86.0
82.0
79.0
93.0
73.0
63.0
66.0
72.0
60.0
53.0
48.0
53.0
37.0
36.0
41.0
39.0
36.0
37.0
48.0
34.0
41.0
48.0
31.0
34.0
26.0
44.0
29.0
32.0
26.0
19.0
39.0
33.0
35.0
21.0
14.0
10.0
14.0
10.0
8.0
6.0
6.0
4.0
5.0
11.0
8.0
13.0
0.0
6.0
4.0
10.0
