South America deaths 7-day avg: 3469.285714285714
new_deaths
0.0
0.0
0.0
0.0
0.0
0.0
0.0
0.0
0.0
0.0
0.0
0.0
0.0
0.0
0.0
1.0
0.0
0.0
0.0
1.0
1.0
2.0
0.0
0.0
1.0
2.0
5.0
10.0
10.0
20.0
15.0
26.0
21.0
28.0
25.0
44.0
44.0
42.0
78.0
73.0
147.0
83.0
143.0
71.0
119.0
160.0
218.0
214.0
194.0
127.0
156.0
166.0
264.0
264.0
252.0
291.0
325.0
204.0
224.0
236.0
260.0
526.0
479.0
447.0
289.0
484.0
797.0
560.0
661.0
675.0
773.0
612.0
427.0
705.0
827.0
766.0
1010.0
794.0
988.0
660.0
1123.0
950.0
933.0
1406.0
976.0
685.0
999.0
1373.0
1107.0
1459.0
1317.0
1224.0
832.0
1168.0
1300.0
1437.0
1399.0
1383.0
1206.0
759.0
891.0
1637.0
1687.0
1773.0
1370.0
1315.0
879.0
1522.0
1607.0
1765.0
1703.0
1343.0
1493.0
1356.0
976.0
1670.0
1858.0
1888.0
1873.0
1548.0
1213.0
1035.0
1765.0
1753.0
1792.0
1610.0
1793.0
1212.0
1226.0
1734.0
1600.0
1946.0
1902.0
1759.0
1115.0
1186.0
1806.0
1814.0
1816.0
1871.0
1732.0
1215.0
1250.0
1857.0
1886.0
2000.0
2842.0
1583.0
1304.0
1343.0
2069.0
1935.0
5850.0
1916.0
1804.0
1010.0
1725.0
1717.0
2461.0
1860.0
2030.0
1571.0
1678.0
1504.0
1998.0
2255.0
2114.0
1932.0
1452.0
1516.0
1535.0
2189.0
1888.0
2125.0
5851.0
1321.0
1331.0
1432.0
2170.0
2177.0
2007.0
2034.0
1813.0
1367.0
1621.0
2089.0
2005.0
1839.0
1702.0
1530.0
1236.0
1373.0
2169.0
1992.0
1565.0
1948.0
1421.0
1037.0
6531.0
1267.0
1874.0
1762.0
1701.0
1420.0
911.0
1237.0
1709.0
1661.0
1664.0
1300.0
1561.0
972.0
1075.0
1439.0
1115.0
2621.0
1841.0
1557.0
953.0
1079.0
1641.0
1809.0
4561.0
767.0
1948.0
904.0
1184.0
1553.0
1505.0
1852.0
1763.0
1331.0
917.0
853.0
995.0
1365.0
1561.0
1492.0
1226.0
472.0
1230.0
1374.0
1358.0
1382.0
1242.0
1056.0
886.0
984.0
1313.0
1168.0
1247.0
1194.0
964.0
674.0
892.0
916.0
1493.0
614.0
1580.0
833.0
652.0
897.0
725.0
1273.0
1497.0
1030.0
1464.0
626.0
837.0
1315.0
1290.0
1099.0
1202.0
849.0
590.0
743.0
1278.0
1218.0
1228.0
1193.0
1053.0
755.0
841.0
1192.0
1205.0
1360.0
1212.0
1192.0
749.0
789.0
1184.0
1378.0
1398.0
1072.0
1087.0
632.0
1062.0
1434.0
1367.0
1685.0
1276.0
1137.0
920.0
1056.0
1598.0
1379.0
1170.0
1031.0
779.0
795.0
989.0
1668.0
1757.0
1733.0
912.0
750.0
769.0
1029.0
1667.0
1966.0
2175.0
1727.0
1795.0
990.0
1358.0
1790.0
1936.0
1810.0
2057.0
1671.0
1267.0
1398.0
1985.0
2305.0
2133.0
2159.0
1949.0
1600.0
1390.0
2456.0
2008.0
2392.0
2076.0
2380.0
1299.0
1368.0
1999.0
2167.0
1918.0
2179.0
797.0
2400.0
711.0
2888.0
1814.0
2517.0
1873.0
1864.0
1610.0
1156.0
1564.0
1775.0
2327.0
1975.0
1909.0
1303.0
1093.0
1963.0
2091.0
2246.0
2155.0
1973.0
1019.0
1338.0
2372.0
2438.0
2423.0
2460.0
2090.0
1518.0
1649.0
2582.0
2616.0
2857.0
2773.0
2537.0
1595.0
1663.0
3452.0
3463.0
3287.0
3666.0
2800.0
1926.0
1819.0
3951.0
2399.0
3661.0
4325.0
4140.0
2400.0
2538.0
4267.0
4723.0
4537.0
3580.0
2752.0
2008.0
2263.0
4806.0
4794.0
5742.0
4846.0
3981.0
2761.0
2564.0
4899.0
4724.0
4886.0
4469.0
4489.0
2467.0
3027.0
4752.0
4489.0
4187.0
4702.0
4634.0
2537.0
2789.0
4366.0
5065.0
4515.0
4552.0
3579.0
2784.0
2782.0
4434.0
4136.0
4158.0
3554.0
4093.0
2415.0
2162.0
3746.0
4281.0
3748.0
4397.0
3430.0
2747.0
2216.0
4305.0
4548.0
3771.0
4098.0
3700.0
2437.0
1924.0
4029.0
4028.0
3972.0
3852.0
3564.0
2128.0
2762.0
3979.0
