South Korea deaths 7-day avg: 3.5714285714285716
new_deaths
0
0
0
0
0
0
0
0
0
0
0
0
0
0
0
0
0
0
0
0
0
0
0
0
0
0
0
0
0
0
1.0
1.0
0.0
4.0
2.0
2.0
2.0
1.0
0.0
3.0
1.0
11.0
0.0
7.0
0.0
7.0
2.0
6.0
3.0
1.0
6.0
6.0
0.0
6.0
3.0
0.0
6.0
3.0
7.0
3.0
8.0
9.0
0.0
9.0
6.0
5.0
8.0
5.0
8.0
6.0
4.0
3.0
4.0
5.0
3.0
6.0
3.0
6.0
8.0
4.0
4.0
3.0
3.0
3.0
5.0
3.0
4.0
1.0
2.0
2.0
2.0
1.0
1.0
2.0
0.0
2.0
1.0
1.0
2.0
1.0
1.0
2.0
0.0
2.0
2.0
1.0
1.0
0.0
0.0
0.0
0.0
2.0
1.0
1.0
0.0
2.0
0.0
1.0
0.0
0.0
1.0
0.0
2.0
0.0
1.0
2.0
0.0
0.0
0.0
0.0
1.0
1.0
1.0
1.0
0.0
0.0
0.0
0.0
0.0
1.0
2.0
0.0
1.0
0.0
0.0
0.0
1.0
1.0
1.0
0.0
0.0
0.0
0.0
1.0
0.0
1.0
0.0
0.0
0.0
0.0
0.0
0.0
0.0
0.0
1.0
0.0
1.0
1.0
0.0
2.0
1.0
0.0
1.0
0.0
0.0
0.0
2.0
2.0
1.0
1.0
1.0
0.0
1.0
0.0
1.0
0.0
0.0
1.0
1.0
0.0
0.0
1.0
0.0
0.0
0.0
0.0
1.0
0.0
1.0
1.0
1.0
0.0
0.0
0.0
0.0
0.0
0.0
0.0
0.0
1.0
0.0
1.0
2.0
0.0
0.0
0.0
1.0
2.0
1.0
3.0
5.0
2.0
1.0
0.0
2.0
3.0
2.0
2.0
1.0
2.0
5.0
3.0
2.0
4.0
5.0
3.0
5.0
4.0
0.0
5.0
5.0
1.0
5.0
2.0
3.0
0.0
5.0
2.0
4.0
2.0
5.0
1.0
6.0
2.0
1.0
4.0
1.0
1.0
0.0
3.0
2.0
1.0
2.0
2.0
1.0
1.0
4.0
1.0
2.0
2.0
1.0
0.0
3.0
3.0
3.0
2.0
2.0
0.0
0.0
3.0
1.0
1.0
1.0
1.0
2.0
2.0
4.0
2.0
1.0
1.0
1.0
1.0
2.0
5.0
2.0
0.0
1.0
4.0
1.0
1.0
0.0
2.0
2.0
3.0
2.0
2.0
4.0
1.0
3.0
2.0
1.0
6.0
1.0
3.0
0.0
0.0
3.0
7.0
4.0
5.0
4.0
3.0
4.0
8.0
8.0
6.0
2.0
7.0
13.0
12.0
22.0
11.0
14.0
15.0
24.0
24.0
17.0
17.0
17.0
20.0
15.0
11.0
40.0
20.0
21.0
17.0
25.0
20.0
19.0
26.0
20.0
19.0
35.0
19.0
25.0
15.0
25.0
20.0
10.0
22.0
19.0
13.0
15.0
19.0
17.0
16.0
12.0
9.0
12.0
11.0
11.0
7.0
8.0
13.0
15.0
6.0
5.0
10.0
6.0
7.0
11.0
5.0
7.0
3.0
8.0
4.0
10.0
11.0
7.0
8.0
5.0
7.0
4.0
6.0
6.0
3.0
4.0
5.0
11.0
3.0
5.0
4.0
10.0
8.0
2.0
1.0
6.0
7.0
8.0
5.0
2.0
8.0
3.0
3.0
4.0
10.0
5.0
2.0
6.0
3.0
8.0
2.0
2.0
3.0
3.0
1.0
7.0
3.0
2.0
7.0
5.0
1.0
4.0
3.0
2.0
4.0
2.0
3.0
4.0
4.0
4.0
4.0
2.0
6.0
1.0
3.0
2.0
5.0
7.0
6.0
2.0
4.0
3.0
4.0
1.0
4.0
2.0
3.0
1.0
1.0
4.0
3.0
1.0
4.0
3.0
3.0
2.0
1.0
6.0
7.0
4.0
9.0
5.0
9.0
1.0
4.0
5.0
7.0
2.0
3.0
4.0
3.0
1.0
8.0
4.0
6.0
4.0
5.0
3.0
4.0
2.0
3.0
3.0
5.0
6.0
2.0
4.0
2.0
