South Africa deaths 7-day avg: 89.28571428571429
new_deaths
0
0
0
0
0
0
0
0
0
0
0
0
0
0
0
0
0
0
0
0
0
0
0
0
0
0
0
0
0
0
0
0
0
0
0
0
0
0
0
0
0
0
0
0
0
0
0
0
0
1.0
0.0
1.0
1.0
2.0
0.0
0.0
4.0
0.0
2.0
1.0
1.0
5.0
0.0
6.0
1.0
0.0
2.0
0.0
7.0
14.0
2.0
2.0
2.0
4.0
0.0
7.0
10.0
4.0
7.0
1.0
3.0
3.0
10.0
0.0
13.0
7.0
8.0
7.0
10.0
5.0
8.0
17.0
8.0
8.0
12.0
0.0
13.0
19.0
9.0
14.0
3.0
22.0
26.0
27.0
30.0
28.0
10.0
22.0
52.0
43.0
28.0
25.0
34.0
32.0
40.0
22.0
50.0
37.0
56.0
60.0
44.0
46.0
82.0
82.0
48.0
74.0
70.0
69.0
57.0
88.0
57.0
49.0
63.0
94.0
46.0
53.0
61.0
111.0
103.0
87.0
48.0
73.0
43.0
73.0
128.0
92.0
95.0
108.0
74.0
173.0
111.0
192.0
100.0
118.0
140.0
111.0
108.0
93.0
174.0
107.0
216.0
135.0
144.0
85.0
140.0
195.0
572.0
153.0
250.0
312.0
114.0
298.0
190.0
240.0
315.0
193.0
148.0
213.0
173.0
345.0
414.0
306.0
305.0
301.0
198.0
213.0
130.0
259.0
260.0
286.0
121.0
162.0
143.0
282.0
159.0
195.0
225.0
144.0
72.0
100.0
149.0
194.0
126.0
115.0
238.0
47.0
121.0
114.0
126.0
174.0
115.0
101.0
110.0
115.0
82.0
82.0
97.0
113.0
49.0
20.0
52.0
142.0
64.0
67.0
85.0
83.0
13.0
39.0
126.0
88.0
77.0
29.0
64.0
22.0
188.0
81.0
67.0
132.0
43.0
29.0
38.0
40.0
87.0
145.0
160.0
139.0
126.0
107.0
83.0
165.0
123.0
158.0
61.0
38.0
63.0
21.0
164.0
85.0
102.0
48.0
53.0
24.0
40.0
45.0
58.0
53.0
66.0
46.0
135.0
54.0
74.0
46.0
92.0
72.0
40.0
20.0
36.0
106.0
60.0
65.0
77.0
53.0
35.0
73.0
118.0
124.0
115.0
88.0
86.0
58.0
65.0
115.0
118.0
88.0
89.0
61.0
38.0
58.0
109.0
65.0
94.0
160.0
104.0
139.0
43.0
183.0
142.0
173.0
205.0
154.0
170.0
175.0
210.0
166.0
184.0
274.0
254.0
152.0
216.0
339.0
411.0
326.0
293.0
245.0
214.0
336.0
497.0
465.0
436.0
418.0
288.0
402.0
434.0
513.0
844.0
441.0
616.0
399.0
339.0
416.0
755.0
806.0
712.0
615.0
384.0
254.0
344.0
839.0
566.0
647.0
575.0
498.0
300.0
243.0
680.0
753.0
555.0
528.0
318.0
213.0
235.0
547.0
398.0
261.0
297.0
278.0
110.0
183.0
396.0
276.0
237.0
288.0
151.0
78.0
195.0
219.0
165.0
230.0
151.0
81.0
113.0
97.0
263.0
110.0
144.0
117.0
157.0
52.0
84.0
194.0
95.0
96.0
104.0
81.0
31.0
125.0
103.0
109.0
95.0
69.0
82.0
65.0
95.0
139.0
74.0
90.0
311.0
47.0
29.0
85.0
55.0
121.0
163.0
67.0
46.0
15.0
47.0
78.0
58.0
51.0
49.0
8.0
33.0
8.0
37.0
79.0
62.0
53.0
30.0
66.0
34.0
67.0
75.0
73.0
92.0
48.0
25.0
21.0
130.0
53.0
55.0
71.0
59.0
23.0
38.0
51.0
48.0
46.0
19.0
56.0
11.0
35.0
59.0
46.0
63.0
67.0
0.0
48.0
90.0
71.0
72.0
44.0
112.0
59.0
27.0
50.0
80.0
167.0
61.0
151.0
53.0
30.0
72.0
102.0
101.0
93.0
123.0
70.0
0.0
143.0
95.0
