Spain deaths 7-day avg: 26.0
new_deaths
0
0
0
0
0
0
0
0
0
0
0
0
0
0
0
0
0
0
0
0
0
0
0
0
0
0
0
0
0
0
0
1.0
1.0
1.0
2.0
5.0
7.0
11.0
7.0
19.0
1.0
78.0
62.0
94.0
53.0
191.0
90.0
207.0
213.0
332.0
397.0
539.0
497.0
839.0
718.0
773.0
844.0
821.0
913.0
748.0
923.0
961.0
850.0
749.0
694.0
700.0
704.0
747.0
655.0
634.0
525.0
603.0
547.0
300.0
652.0
607.0
687.0
41.0
410.0
399.0
430.0
435.0
440.0
367.0
378.0
288.0
331.0
301.0
453.0
268.0
0.0
557.0
164.0
164.0
185.0
244.0
213.0
229.0
179.0
143.0
123.0
176.0
184.0
217.0
138.0
104.0
0.0
146.0
69.0
110.0
52.0
688.0
50.0
74.0
-1918.0
283.0
0.0
2.0
2.0
4.0
2.0
0.0
0.0
1.0
5.0
1.0
1.0
1.0
0.0
0.0
0.0
0.0
0.0
0.0
0.0
0.0
0.0
0.0
0.0
1179.0
7.0
1.0
1.0
1.0
2.0
3.0
8.0
3.0
2.0
3.0
9.0
9.0
4.0
17.0
0.0
0.0
3.0
4.0
4.0
5.0
2.0
0.0
0.0
3.0
3.0
4.0
3.0
4.0
0.0
0.0
2.0
2.0
2.0
3.0
3.0
0.0
0.0
2.0
2.0
5.0
2.0
2.0
0.0
0.0
27.0
26.0
1.0
1.0
3.0
0.0
0.0
73.0
5.0
-2.0
26.0
12.0
0.0
0.0
29.0
24.0
127.0
16.0
25.0
0.0
0.0
34.0
52.0
47.0
25.0
15.0
0.0
0.0
83.0
58.0
42.0
40.0
184.0
0.0
0.0
98.0
78.0
34.0
71.0
48.0
0.0
0.0
101.0
156.0
239.0
162.0
90.0
0.0
0.0
168.0
241.0
130.0
84.0
114.0
0.0
0.0
179.0
0.0
380.0
182.0
113.0
0.0
0.0
139.0
261.0
76.0
126.0
241.0
0.0
0.0
195.0
80.0
209.0
140.0
222.0
0.0
0.0
217.0
218.0
156.0
155.0
231.0
0.0
0.0
279.0
267.0
168.0
173.0
239.0
0.0
0.0
379.0
238.0
1623.0
368.0
347.0
0.0
0.0
512.0
0.0
760.0
356.0
308.0
0.0
0.0
484.0
435.0
351.0
252.0
328.0
0.0
0.0
512.0
537.0
369.0
337.0
294.0
0.0
0.0
401.0
442.0
273.0
254.0
214.0
0.0
0.0
394.0
0.0
373.0
325.0
280.0
0.0
0.0
389.0
388.0
195.0
181.0
149.0
0.0
0.0
334.0
260.0
178.0
126.0
0.0
0.0
0.0
298.0
320.0
247.0
148.0
0.0
0.0
0.0
241.0
352.0
0.0
245.0
199.0
0.0
0.0
401.0
408.0
195.0
201.0
235.0
0.0
0.0
455.0
404.0
464.0
404.0
400.0
0.0
0.0
767.0
586.0
497.0
515.0
513.0
0.0
0.0
762.0
724.0
565.0
432.0
584.0
0.0
0.0
909.0
766.0
643.0
513.0
530.0
0.0
0.0
702.0
530.0
337.0
388.0
397.0
0.0
0.0
535.0
443.0
389.0
345.0
329.0
0.0
0.0
467.0
192.0
446.0
254.0
637.0
0.0
0.0
298.0
291.0
234.0
124.0
173.0
0.0
0.0
166.0
141.0
228.0
117.0
0.0
0.0
0.0
633.0
201.0
0.0
676.0
590.0
0.0
0.0
189.0
106.0
154.0
82.0
0.0
157.0
0.0
85.0
128.0
126.0
142.0
149.0
0.0
0.0
197.0
100.0
131.0
126.0
99.0
0.0
0.0
121.0
0.0
262.0
132.0
95.0
0.0
0.0
147.0
117.0
88.0
137.0
136.0
0.0
0.0
77.0
106.0
167.0
160.0
66.0
0.0
0.0
103.0
205.0
108.0
73.0
58.0
0.0
0.0
93.0
70.0
66.0
33.0
19.0
0.0
0.0
91.0
90.0
54.0
33.0
17.0
0.0
0.0
48.0
30.0
