Sudan deaths 7-day avg: 8.857142857142858
new_deaths
0
1.0
0.0
0.0
0.0
0.0
0.0
0.0
0.0
0.0
0.0
0.0
0.0
0.0
0.0
0.0
0.0
0.0
1.0
0.0
0.0
0.0
0.0
0.0
0.0
0.0
0.0
0.0
0.0
0.0
0.0
0.0
2.0
1.0
0.0
0.0
1.0
4.0
0.0
2.0
0.0
1.0
3.0
0.0
1.0
4.0
1.0
3.0
3.0
3.0
5.0
5.0
0.0
0.0
4.0
4.0
3.0
7.0
5.0
6.0
4.0
6.0
10.0
0.0
1.0
6.0
0.0
8.0
6.0
0.0
10.0
16.0
9.0
19.0
5.0
0.0
25.0
0.0
38.0
29.0
24.0
12.0
9.0
7.0
19.0
14.0
12.0
0.0
13.0
17.0
12.0
12.0
20.0
14.0
12.0
9.0
9.0
10.0
0.0
19.0
15.0
0.0
12.0
15.0
0.0
8.0
16.0
0.0
0.0
0.0
0.0
30.0
0.0
2.0
4.0
0.0
8.0
6.0
14.0
5.0
8.0
1.0
0.0
7.0
2.0
9.0
0.0
0.0
5.0
20.0
0.0
0.0
15.0
0.0
7.0
2.0
0.0
3.0
5.0
0.0
0.0
21.0
6.0
0.0
0.0
11.0
0.0
0.0
10.0
0.0
8.0
0.0
5.0
0.0
6.0
1.0
3.0
2.0
5.0
2.0
3.0
4.0
0.0
3.0
0.0
3.0
1.0
0.0
4.0
0.0
0.0
0.0
0.0
0.0
0.0
0.0
0.0
9.0
1.0
0.0
0.0
0.0
0.0
1.0
0.0
1.0
1.0
0.0
0.0
0.0
0.0
0.0
0.0
0.0
0.0
0.0
0.0
0.0
0.0
0.0
0.0
0.0
0.0
0.0
0.0
0.0
0.0
0.0
0.0
0.0
0.0
0.0
0.0
0.0
0.0
0.0
0.0
0.0
0.0
0.0
0.0
0.0
0.0
0.0
0.0
0.0
1.0
0.0
0.0
0.0
0.0
0.0
0.0
0.0
0.0
0.0
0.0
0.0
0.0
0.0
0.0
278.0
1.0
0.0
0.0
0.0
0.0
0.0
0.0
3.0
56.0
0.0
4.0
6.0
8.0
4.0
0.0
5.0
8.0
5.0
0.0
20.0
0.0
14.0
6.0
10.0
6.0
0.0
19.0
5.0
6.0
0.0
6.0
12.0
21.0
4.0
3.0
8.0
17.0
12.0
24.0
0.0
17.0
9.0
16.0
18.0
0.0
0.0
0.0
0.0
0.0
0.0
0.0
0.0
0.0
0.0
0.0
0.0
0.0
0.0
0.0
0.0
0.0
0.0
0.0
0.0
0.0
108.0
0.0
0.0
0.0
27.0
0.0
0.0
0.0
0.0
0.0
0.0
0.0
135.0
12.0
10.0
38.0
0.0
6.0
3.0
5.0
17.0
1.0
1.0
0.0
0.0
4.0
0.0
0.0
14.0
0.0
0.0
0.0
0.0
9.0
5.0
1.0
0.0
0.0
0.0
0.0
7.0
5.0
0.0
2.0
0.0
2.0
0.0
10.0
5.0
0.0
0.0
0.0
0.0
0.0
20.0
0.0
0.0
25.0
0.0
0.0
0.0
19.0
0.0
0.0
0.0
0.0
0.0
27.0
0.0
17.0
25.0
0.0
0.0
0.0
0.0
0.0
13.0
22.0
0.0
0.0
0.0
0.0
0.0
0.0
0.0
0.0
0.0
0.0
0.0
0.0
131.0
14.0
0.0
0.0
0.0
0.0
73.0
6.0
2.0
11.0
0.0
0.0
0.0
40.0
9.0
0.0
0.0
0.0
0.0
0.0
0.0
16.0
0.0
0.0
0.0
0.0
0.0
81.0
0.0
0.0
0.0
0.0
0.0
0.0
0.0
0.0
0.0
122.0
0.0
0.0
0.0
32.0
0.0
0.0
0.0
0.0
0.0
30.0
1.0
31.0
