Sweden deaths 7-day avg: 7.857142857142857
new_deaths
0
0
0
0
0
0
0
0
0
0
0
0
0
0
0
0
0
0
0
0
0
0
0
0
0
0
0
0
0
0
0
0
0
0
0
0
0
0
1.0
0.0
1.0
1.0
2.0
2.0
1.0
6.0
7.0
9.0
8.0
11.0
11.0
21.0
22.0
31.0
32.0
35.0
38.0
45.0
48.0
53.0
70.0
80.0
70.0
-232.0
28.0
76.0
114.0
96.0
106.0
77.0
17.0
12.0
20.0
114.0
170.0
130.0
67.0
111.0
29.0
40.0
185.0
172.0
84.0
131.0
40.0
2.0
80.0
81.0
107.0
124.0
67.0
16.0
10.0
90.0
85.0
87.0
99.0
135.0
45.0
5.0
31.0
57.0
147.0
69.0
117.0
28.0
5.0
19.0
45.0
88.0
40.0
54.0
67.0
6.0
31.0
96.0
95.0
46.0
84.0
45.0
0.0
8.0
65.0
74.0
20.0
77.0
17.0
3.0
35.0
23.0
78.0
19.0
40.0
20.0
0.0
17.0
48.0
102.0
12.0
0.0
0.0
0.0
0.0
108.0
48.0
21.0
50.0
0.0
0.0
0.0
53.0
37.0
41.0
9.0
0.0
0.0
0.0
27.0
35.0
18.0
26.0
0.0
0.0
0.0
19.0
27.0
21.0
26.0
0.0
0.0
0.0
27.0
21.0
9.0
21.0
0.0
0.0
0.0
5.0
28.0
9.0
4.0
0.0
0.0
0.0
4.0
13.0
6.0
-3.0
0.0
0.0
0.0
7.0
4.0
2.0
7.0
0.0
0.0
0.0
7.0
12.0
3.0
5.0
0.0
0.0
0.0
4.0
3.0
3.0
1.0
0.0
0.0
0.0
-8.0
7.0
12.0
3.0
0.0
0.0
0.0
3.0
4.0
1.0
3.0
0.0
0.0
0.0
0.0
14.0
4.0
1.0
0.0
0.0
0.0
0.0
11.0
2.0
2.0
0.0
0.0
0.0
0.0
13.0
0.0
2.0
0.0
0.0
0.0
0.0
-3.0
0.0
2.0
0.0
0.0
0.0
0.0
13.0
3.0
8.0
0.0
0.0
0.0
0.0
11.0
1.0
3.0
0.0
0.0
0.0
0.0
-6.0
7.0
4.0
0.0
0.0
0.0
0.0
59.0
5.0
20.0
0.0
0.0
0.0
0.0
60.0
40.0
42.0
0.0
0.0
0.0
0.0
157.0
19.0
66.0
0.0
0.0
0.0
0.0
149.0
67.0
59.0
0.0
0.0
0.0
0.0
291.0
35.0
60.0
0.0
0.0
0.0
0.0
229.0
58.0
160.0
0.0
0.0
0.0
0.0
288.0
91.0
100.0
0.0
0.0
0.0
0.0
286.0
0.0
0.0
0.0
0.0
0.0
0.0
448.0
0.0
0.0
0.0
0.0
0.0
238.0
0.0
297.0
171.0
0.0
0.0
0.0
0.0
401.0
351.0
138.0
0.0
0.0
0.0
0.0
474.0
124.0
84.0
0.0
0.0
0.0
242.0
178.0
95.0
71.0
0.0
0.0
0.0
224.0
124.0
89.0
87.0
0.0
0.0
0.0
73.0
138.0
44.0
58.0
0.0
0.0
0.0
59.0
82.0
29.0
51.0
0.0
0.0
0.0
64.0
80.0
5.0
28.0
0.0
0.0
0.0
56.0
82.0
13.0
26.0
0.0
0.0
0.0
39.0
46.0
23.0
35.0
0.0
0.0
0.0
26.0
56.0
8.0
26.0
0.0
0.0
0.0
53.0
42.0
16.0
29.0
0.0
0.0
0.0
28.0
35.0
33.0
0.0
0.0
0.0
0.0
35.0
45.0
17.0
26.0
0.0
0.0
0.0
39.0
60.0
41.0
27.0
0.0
0.0
0.0
37.0
38.0
19.0
41.0
0.0
0.0
0.0
45.0
32.0
2.0
46.0
0.0
0.0
0.0
43.0
60.0
7.0
15.0
0.0
0.0
0.0
44.0
50.0
0.0
8.0
0.0
0.0
0.0
26.0
48.0
2.0
15.0
0.0
0.0
0.0
30.0
40.0
15.0
0.0
0.0
0.0
0.0
0.0
