Switzerland deaths 7-day avg: 5.714285714285714
new_deaths
0
0
0
0
0
0
0
0
0
1.0
0.0
0.0
1.0
0.0
1.0
1.0
0.0
7.0
2.0
1.0
0.0
13.0
1.0
13.0
13.0
21.0
23.0
22.0
2.0
31.0
38.0
40.0
33.0
36.0
59.0
74.0
55.0
48.0
55.0
75.0
49.0
50.0
56.0
74.0
53.0
54.0
34.0
70.0
32.0
36.0
65.0
42.0
46.0
41.0
25.0
36.0
49.0
31.0
40.0
40.0
10.0
11.0
55.0
34.0
17.0
21.0
17.0
8.0
0.0
22.0
11.0
10.0
5.0
13.0
7.0
3.0
12.0
22.0
3.0
2.0
6.0
1.0
2.0
5.0
5.0
1.0
6.0
5.0
2.0
1.0
7.0
2.0
2.0
2.0
0.0
0.0
1.0
0.0
0.0
1.0
0.0
0.0
0.0
0.0
2.0
11.0
2.0
1.0
1.0
0.0
0.0
1.0
15.0
2.0
0.0
0.0
0.0
0.0
0.0
0.0
2.0
0.0
4.0
0.0
0.0
0.0
1.0
2.0
0.0
0.0
0.0
0.0
0.0
1.0
0.0
0.0
0.0
2.0
0.0
0.0
0.0
0.0
1.0
0.0
0.0
0.0
2.0
1.0
0.0
3.0
2.0
0.0
0.0
1.0
0.0
1.0
1.0
1.0
0.0
0.0
0.0
0.0
3.0
1.0
1.0
0.0
0.0
1.0
3.0
1.0
0.0
0.0
0.0
0.0
0.0
1.0
4.0
2.0
2.0
0.0
1.0
0.0
1.0
1.0
0.0
1.0
1.0
0.0
1.0
5.0
0.0
2.0
0.0
0.0
0.0
1.0
4.0
1.0
1.0
0.0
0.0
1.0
4.0
3.0
11.0
3.0
3.0
0.0
0.0
5.0
4.0
6.0
1.0
3.0
0.0
0.0
1.0
4.0
5.0
0.0
1.0
1.0
1.0
1.0
3.0
1.0
5.0
1.0
0.0
0.0
8.0
7.0
6.0
6.0
7.0
0.0
1.0
15.0
7.0
-106.0
7.0
21.0
14.0
2.0
28.0
36.0
11.0
42.0
77.0
20.0
29.0
78.0
67.0
84.0
73.0
82.0
39.0
23.0
130.0
111.0
100.0
103.0
99.0
36.0
18.0
167.0
128.0
101.0
114.0
113.0
39.0
25.0
166.0
86.0
85.0
116.0
62.0
50.0
29.0
165.0
125.0
105.0
136.0
112.0
31.0
25.0
146.0
98.0
117.0
114.0
104.0
48.0
9.0
169.0
112.0
113.0
108.0
74.0
41.0
20.0
159.0
143.0
105.0
69.0
61.0
34.0
17.0
152.0
131.0
101.0
51.0
59.0
25.0
18.0
171.0
100.0
91.0
69.0
52.0
23.0
14.0
97.0
106.0
51.0
65.0
60.0
29.0
7.0
110.0
67.0
65.0
47.0
63.0
16.0
15.0
81.0
58.0
56.0
48.0
46.0
16.0
11.0
71.0
37.0
41.0
26.0
28.0
22.0
7.0
38.0
36.0
24.0
18.0
18.0
8.0
10.0
11.0
41.0
32.0
27.0
7.0
3.0
1.0
20.0
23.0
12.0
12.0
7.0
5.0
0.0
22.0
17.0
9.0
8.0
19.0
5.0
2.0
8.0
9.0
17.0
8.0
14.0
4.0
4.0
6.0
29.0
16.0
20.0
20.0
0.0
10.0
26.0
8.0
29.0
8.0
14.0
1.0
1.0
5.0
17.0
15.0
13.0
1.0
0.0
2.0
24.0
26.0
29.0
13.0
5.0
2.0
1.0
13.0
6.0
16.0
10.0
7.0
0.0
3.0
13.0
11.0
14.0
9.0
11.0
28.0
-24.0
13.0
8.0
26.0
8.0
7.0
1.0
1.0
21.0
12.0
18.0
10.0
7.0
2.0
2.0
9.0
6.0
4.0
3.0
2.0
0.0
1.0
13.0
8.0
4.0
4.0
8.0
7.0
1.0
3.0
7.0
3.0
9.0
3.0
4.0
1.0
4.0
16.0
