Turkey deaths 7-day avg: 147.85714285714286
new_deaths
0
0
0
0
0
0
1.0
0.0
2.0
1.0
5.0
21.0
7.0
7.0
15.0
16.0
17.0
16.0
23.0
37.0
46.0
63.0
79.0
69.0
76.0
73.0
75.0
76.0
87.0
96.0
98.0
95.0
97.0
98.0
107.0
115.0
125.0
126.0
121.0
127.0
123.0
119.0
117.0
115.0
109.0
106.0
99.0
95.0
92.0
89.0
93.0
84.0
78.0
61.0
64.0
59.0
64.0
57.0
48.0
50.0
47.0
55.0
53.0
58.0
55.0
48.0
41.0
44.0
31.0
28.0
23.0
27.0
27.0
32.0
32.0
29.0
28.0
34.0
30.0
28.0
26.0
25.0
23.0
22.0
24.0
21.0
18.0
21.0
23.0
19.0
18.0
17.0
17.0
15.0
14.0
15.0
18.0
17.0
19.0
21.0
23.0
22.0
23.0
24.0
27.0
24.0
21.0
19.0
17.0
15.0
18.0
16.0
19.0
17.0
19.0
20.0
19.0
16.0
19.0
22.0
18.0
23.0
21.0
19.0
19.0
20.0
17.0
21.0
18.0
17.0
16.0
17.0
18.0
19.0
18.0
17.0
16.0
17.0
17.0
15.0
14.0
15.0
17.0
19.0
18.0
19.0
18.0
19.0
14.0
15.0
16.0
15.0
14.0
15.0
18.0
21.0
22.0
21.0
19.0
22.0
20.0
23.0
19.0
22.0
22.0
19.0
18.0
24.0
20.0
26.0
36.0
39.0
42.0
44.0
47.0
45.0
49.0
53.0
56.0
53.0
57.0
52.0
55.0
58.0
56.0
48.0
57.0
63.0
67.0
63.0
66.0
62.0
68.0
61.0
68.0
65.0
72.0
74.0
73.0
71.0
68.0
65.0
68.0
65.0
67.0
63.0
59.0
57.0
57.0
55.0
56.0
58.0
55.0
56.0
59.0
58.0
62.0
57.0
66.0
73.0
71.0
72.0
75.0
74.0
68.0
71.0
74.0
69.0
72.0
75.0
76.0
77.0
72.0
78.0
75.0
74.0
76.0
79.0
77.0
81.0
83.0
81.0
84.0
85.0
87.0
86.0
88.0
93.0
92.0
89.0
94.0
103.0
116.0
123.0
141.0
135.0
139.0
153.0
161.0
168.0
174.0
177.0
182.0
185.0
188.0
190.0
193.0
187.0
193.0
196.0
195.0
203.0
211.0
217.0
220.0
226.0
222.0
218.0
229.0
235.0
240.0
243.0
246.0
241.0
246.0
254.0
251.0
259.0
254.0
256.0
253.0
254.0
257.0
253.0
254.0
239.0
212.0
202.0
193.0
197.0
194.0
191.0
194.0
186.0
181.0
176.0
174.0
171.0
173.0
170.0
169.0
168.0
165.0
164.0
167.0
159.0
153.0
149.0
144.0
140.0
137.0
134.0
132.0
129.0
131.0
129.0
128.0
124.0
120.0
117.0
113.0
110.0
108.0
112.0
103.0
98.0
95.0
94.0
97.0
93.0
94.0
91.0
90.0
86.0
83.0
82.0
80.0
77.0
78.0
75.0
72.0
73.0
74.0
71.0
66.0
69.0
68.0
65.0
68.0
62.0
64.0
65.0
64.0
66.0
67.0
63.0
66.0
65.0
68.0
63.0
71.0
73.0
81.0
87.0
95.0
102.0
117.0
138.0
146.0
157.0
153.0
151.0
153.0
154.0
155.0
152.0
176.0
179.0
186.0
185.0
193.0
211.0
276.0
258.0
253.0
248.0
237.0
243.0
273.0
279.0
297.0
289.0
288.0
318.0
341.0
346.0
362.0
354.0
343.0
339.0
347.0
353.0
346.0
341.0
339.0
394.0
373.0
340.0
347.0
336.0
356.0
304.0
278.0
281.0
283.0
282.0
278.0
232.0
238.0
242.0
236.0
223.0
223.0
203.0
233.0
207.0
214.0
231.0
197.0
178.0
175.0
166.0
183.0
164.0
137.0
134.0
122.0
129.0
