Ukraine deaths 7-day avg: 151.42857142857142
new_deaths
0
0
0
0
0
0
0
0
0
0
1.0
0.0
0.0
0.0
1.0
0.0
0.0
1.0
0.0
0.0
0.0
0.0
2.0
0.0
0.0
4.0
1.0
3.0
4.0
3.0
2.0
5.0
5.0
5.0
1.0
7.0
7.0
5.0
12.0
4.0
10.0
10.0
5.0
10.0
8.0
9.0
8.0
8.0
10.0
10.0
13.0
13.0
14.0
0.0
8.0
11.0
19.0
11.0
11.0
11.0
7.0
9.0
15.0
13.0
11.0
13.0
21.0
15.0
15.0
17.0
17.0
14.0
17.0
20.0
21.0
17.0
21.0
13.0
16.0
15.0
9.0
17.0
12.0
6.0
21.0
14.0
11.0
10.0
17.0
12.0
16.0
9.0
9.0
13.0
15.0
15.0
11.0
9.0
13.0
23.0
23.0
16.0
10.0
9.0
12.0
11.0
31.0
23.0
19.0
9.0
8.0
10.0
23.0
16.0
17.0
19.0
24.0
21.0
19.0
12.0
15.0
12.0
27.0
16.0
22.0
13.0
21.0
24.0
21.0
18.0
27.0
11.0
15.0
14.0
15.0
18.0
11.0
23.0
8.0
13.0
20.0
16.0
17.0
21.0
19.0
15.0
11.0
14.0
23.0
24.0
20.0
16.0
16.0
13.0
26.0
25.0
33.0
33.0
27.0
19.0
25.0
29.0
20.0
24.0
19.0
34.0
24.0
22.0
30.0
30.0
43.0
23.0
38.0
27.0
22.0
27.0
37.0
50.0
50.0
41.0
35.0
30.0
49.0
51.0
54.0
53.0
51.0
35.0
32.0
58.0
46.0
45.0
53.0
74.0
33.0
34.0
53.0
78.0
61.0
70.0
50.0
41.0
26.0
64.0
68.0
54.0
72.0
78.0
56.0
38.0
72.0
67.0
67.0
69.0
94.0
44.0
35.0
94.0
83.0
100.0
92.0
111.0
88.0
45.0
111.0
111.0
78.0
108.0
118.0
93.0
72.0
114.0
145.0
120.0
123.0
127.0
103.0
75.0
129.0
168.0
120.0
177.0
164.0
116.0
69.0
165.0
203.0
196.0
210.0
195.0
142.0
117.0
206.0
196.0
208.0
182.0
202.0
98.0
98.0
166.0
263.0
263.0
235.0
220.0
143.0
131.0
196.0
238.0
234.0
201.0
193.0
128.0
118.0
231.0
178.0
254.0
247.0
236.0
177.0
154.0
205.0
289.0
279.0
297.0
250.0
163.0
101.0
246.0
276.0
265.0
269.0
224.0
129.0
92.0
242.0
288.0
234.0
198.0
134.0
83.0
83.0
246.0
257.0
223.0
156.0
61.0
132.0
82.0
217.0
242.0
163.0
98.0
94.0
115.0
78.0
196.0
206.0
179.0
179.0
158.0
130.0
80.0
190.0
227.0
257.0
177.0
132.0
96.0
75.0
147.0
159.0
162.0
141.0
159.0
91.0
71.0
169.0
176.0
153.0
170.0
136.0
93.0
56.0
138.0
173.0
135.0
127.0
121.0
53.0
71.0
160.0
155.0
174.0
129.0
84.0
66.0
61.0
159.0
157.0
144.0
155.0
160.0
98.0
76.0
170.0
194.0
202.0
181.0
165.0
110.0
114.0
82.0
227.0
270.0
239.0
250.0
151.0
134.0
270.0
296.0
276.0
267.0
266.0
170.0
163.0
341.0
350.0
369.0
331.0
295.0
208.0
181.0
291.0
413.0
429.0
441.0
403.0
265.0
261.0
437.0
486.0
471.0
425.0
405.0
239.0
294.0
465.0
473.0
439.0
443.0
446.0
256.0
221.0
374.0
436.0
476.0
442.0
401.0
237.0
202.0
440.0
448.0
396.0
316.0
358.0
166.0
160.0
174.0
169.0
381.0
386.0
378.0
199.0
125.0
125.0
364.0
353.0
293.0
327.0
138.0
113.0
293.0
233.0
209.0
209.0
184.0
93.0
72.0
257.0
216.0
190.0
164.0
162.0
90.0
69.0
169.0
