United Kingdom deaths 7-day avg: 6.285714285714286
new_deaths
0
0
0
0
0
0
0
0
0
0
0
0
0
0
0
0
0
0
0
0
0
0
0
0
0
0
0
0
0
0
0
0
0
0
0
1.0
1.0
0.0
1.0
4.0
0.0
2.0
1.0
19.0
14.0
23.0
17.0
35.0
46.0
32.0
58.0
35.0
76.0
148.0
191.0
182.0
288.0
292.0
213.0
374.0
404.0
673.0
657.0
737.0
757.0
601.0
570.0
1105.0
1032.0
1117.0
1123.0
844.0
657.0
725.0
1080.0
884.0
1040.0
914.0
1108.0
433.0
576.0
1224.0
857.0
684.0
1018.0
816.0
364.0
323.0
971.0
771.0
636.0
700.0
585.0
253.0
273.0
725.0
647.0
458.0
580.0
275.0
217.0
188.0
615.0
448.0
353.0
351.0
411.0
67.0
146.0
501.0
329.0
273.0
291.0
220.0
379.0
104.0
131.0
422.0
343.0
274.0
154.0
60.0
86.0
250.0
254.0
130.0
258.0
143.0
54.0
47.0
197.0
164.0
76.0
131.0
107.0
27.0
29.0
120.0
110.0
67.0
84.0
71.0
31.0
13.0
94.0
87.0
99.0
77.0
40.0
31.0
21.0
54.0
97.0
41.0
49.0
32.0
19.0
11.0
54.0
57.0
31.0
34.0
17.0
9.0
10.0
44.0
26.0
24.0
26.0
9.0
11.0
10.0
25.0
17.0
9.0
32.0
15.0
8.0
3.0
21.0
34.0
0.0
20.0
13.0
5.0
1.0
18.0
14.0
18.0
12.0
3.0
5.0
18.0
13.0
20.0
18.0
11.0
3.0
5.0
3.0
12.0
17.0
6.0
2.0
18.0
6.0
4.0
16.0
17.0
12.0
9.0
12.0
1.0
3.0
3.0
10.0
14.0
10.0
12.0
2.0
3.0
32.0
8.0
14.0
6.0
9.0
5.0
9.0
27.0
20.0
21.0
27.0
27.0
18.0
11.0
37.0
37.0
40.0
34.0
35.0
17.0
13.0
72.0
71.0
59.0
66.0
49.0
33.0
19.0
76.0
70.0
77.0
87.0
81.0
65.0
50.0
143.0
137.0
138.0
136.0
150.0
67.0
80.0
241.0
191.0
189.0
224.0
174.0
151.0
102.0
367.0
310.0
280.0
274.0
326.0
162.0
136.0
397.0
492.0
378.0
355.0
413.0
156.0
195.0
532.0
596.0
563.0
376.0
462.0
168.0
214.0
599.0
529.0
502.0
511.0
340.0
399.0
207.0
608.0
695.0
498.0
520.0
479.0
215.0
203.0
603.0
648.0
414.0
504.0
397.0
231.0
189.0
599.0
533.0
516.0
424.0
520.0
144.0
233.0
506.0
612.0
532.0
490.0
537.0
326.0
215.0
691.0
748.0
575.0
570.0
211.0
347.0
357.0
458.0
982.0
965.0
615.0
445.0
455.0
410.0
881.0
1042.0
1162.0
1333.0
1035.0
567.0
529.0
1246.0
1568.0
1253.0
1285.0
1299.0
682.0
602.0
1612.0
1826.0
1296.0
1401.0
1352.0
611.0
594.0
1636.0
1726.0
1239.0
1248.0
1205.0
590.0
407.0
1451.0
1322.0
915.0
1015.0
828.0
376.0
333.0
1052.0
1002.0
680.0
759.0
621.0
259.0
235.0
799.0
738.0
455.0
533.0
446.0
217.0
178.0
548.0
443.0
324.0
345.0
291.0
144.0
104.0
343.0
487.0
242.0
236.0
159.0
82.0
65.0
231.0
190.0
181.0
176.0
122.0
52.0
64.0
110.0
141.0
95.0
100.0
96.0
34.0
18.0
112.0
98.0
63.0
71.0
58.0
21.0
23.0
55.0
43.0
51.0
52.0
10.0
10.0
28.0
20.0
45.0
53.0
60.0
40.0
7.0
15.0
23.0
38.0
31.0
34.0
36.0
10.0
6.0
33.0
20.0
20.0
41.0
32.0
11.0
7.0
17.0
29.0
25.0
16.0
7.0
14.0
1.0
6.0
27.0
13.0
15.0
5.0
2.0
5.0
20.0
11.0
11.0
18.0
7.0
4.0
5.0
7.0
3.0
7.0
9.0
6.0
5.0
3.0
15.0
9.0
10.0
10.0
7.0
6.0
2.0
0.0
