United States deaths 7-day avg: 588.5714285714286
new_deaths
0
0
0
0
0
0
0
0
0
0
0
0
0
0
0
0
0
0
0
0
0
0
0
0
0
0
0
0
0
0
0
0
0
0
0
0
0
0
1.0
0.0
5.0
1.0
4.0
1.0
2.0
3.0
4.0
1.0
6.0
5.0
10.0
8.0
7.0
12.0
27.0
37.0
60.0
72.0
106.0
103.0
122.0
192.0
243.0
333.0
419.0
522.0
642.0
624.0
713.0
1085.0
1283.0
1512.0
1431.0
1563.0
1615.0
1771.0
2575.0
2160.0
2203.0
2194.0
2127.0
1874.0
2009.0
2435.0
2612.0
2143.0
2110.0
1973.0
1971.0
2230.0
2514.0
2460.0
2456.0
2188.0
1711.0
1399.0
1508.0
2224.0
2418.0
2196.0
1909.0
1731.0
1190.0
1380.0
2242.0
2314.0
1929.0
1763.0
1468.0
978.0
1042.0
1599.0
1727.0
1796.0
1668.0
1198.0
822.0
1227.0
1456.0
1501.0
1185.0
1217.0
1090.0
639.0
592.0
677.0
1463.0
1101.0
1133.0
954.0
615.0
776.0
981.0
1010.0
1013.0
891.0
642.0
459.0
507.0
913.0
876.0
830.0
829.0
735.0
345.0
396.0
814.0
739.0
689.0
629.0
559.0
317.0
407.0
748.0
737.0
537.0
629.0
503.0
318.0
385.0
553.0
704.0
713.0
670.0
315.0
326.0
376.0
1162.0
825.0
1020.0
817.0
728.0
472.0
445.0
928.0
975.0
956.0
924.0
857.0
483.0
563.0
1091.0
1224.0
1070.0
1107.0
930.0
531.0
1126.0
1330.0
1414.0
1231.0
1237.0
1093.0
437.0
581.0
1282.0
1438.0
1244.0
1237.0
1078.0
524.0
635.0
1020.0
1499.0
1067.0
1337.0
1000.0
617.0
493.0
1226.0
1339.0
1103.0
1091.0
909.0
545.0
473.0
1236.0
1166.0
1116.0
977.0
902.0
454.0
542.0
1028.0
1079.0
1037.0
958.0
762.0
470.0
296.0
452.0
1160.0
916.0
1174.0
702.0
435.0
431.0
1200.0
956.0
861.0
896.0
732.0
265.0
427.0
1032.0
1056.0
898.0
944.0
768.0
315.0
358.0
834.0
958.0
873.0
860.0
684.0
381.0
480.0
686.0
927.0
989.0
968.0
658.0
471.0
394.0
796.0
990.0
849.0
937.0
762.0
493.0
479.0
924.0
1122.0
914.0
967.0
951.0
462.0
533.0
973.0
1035.0
1004.0
1061.0
910.0
496.0
573.0
1578.0
1115.0
1156.0
1239.0
1081.0
572.0
779.0
1418.0
1436.0
1204.0
1200.0
1347.0
777.0
829.0
1721.0
1919.0
2053.0
1957.0
1619.0
1033.0
1101.0
2129.0
2263.0
1385.0
1549.0
1361.0
1036.0
1347.0
2547.0
2816.0
2956.0
2699.0
2355.0
1346.0
1606.0
2621.0
3183.0
2996.0
3418.0
2463.0
1628.0
1652.0
3119.0
3665.0
3502.0
2968.0
2656.0
1715.0
1921.0
3399.0
3421.0
2909.0
1428.0
1886.0
1429.0
2004.0
3633.0
3733.0
3481.0
2150.0
2508.0
1447.0
2094.0
3715.0
3927.0
3988.0
4108.0
3322.0
2000.0
2104.0
4475.0
4031.0
3988.0
3893.0
3404.0
1900.0
1535.0
2733.0
4408.0
4205.0
3847.0
3345.0
1899.0
1977.0
4008.0
3961.0
4039.0
3635.0
2786.0
1854.0
2067.0
3431.0
3907.0
3737.0
3688.0
2641.0
1438.0
1617.0
3075.0
3310.0
3208.0
2929.0
2198.0
1161.0
959.0
1750.0
2406.0
2519.0
2631.0
1818.0
1249.0
1323.0
2274.0
3179.0
2446.0
2068.0
1515.0
1094.0
1522.0
1950.0
2491.0
1938.0
1785.0
1506.0
699.0
740.0
1807.0
1573.0
1569.0
1571.0
998.0
581.0
757.0
1179.0
1235.0
1666.0
1149.0
744.0
440.0
720.0
877.0
1513.0
1411.0
1155.0
788.0
523.0
713.0
887.0
1091.0
1078.0
953.0
737.0
294.0
519.0
861.0
2593.0
1023.0
890.0
718.0
301.0
477.0
833.0
975.0
900.0
872.0
695.0
336.0
501.0
842.0
861.0
963.0
780.0
745.0
291.0
493.0
654.0
970.0
869.0
746.0
721.0
342.0
494.0
886.0
790.0
802.0
759.0
622.0
243.0
410.0
680.0
858.0
811.0
660.0
481.0
271.0
395.0
764.0
658.0
668.0
605.0
481.0
191.0
428.0
621.0
965.0
1338.0
567.0
343.0
124.0
142.0
641.0
