Uruguay deaths 7-day avg: 52.714285714285715
new_deaths
0
0
0
0
0
0
0
0
0
0
0
0
0
0
0
1.0
0.0
0.0
0.0
1.0
2.0
0.0
1.0
1.0
0.0
1.0
0.0
0.0
0.0
0.0
0.0
1.0
0.0
1.0
0.0
0.0
0.0
1.0
0.0
2.0
0.0
0.0
0.0
2.0
1.0
0.0
0.0
0.0
2.0
0.0
0.0
0.0
0.0
0.0
0.0
0.0
1.0
0.0
1.0
0.0
0.0
0.0
0.0
0.0
0.0
1.0
0.0
0.0
0.0
0.0
0.0
2.0
0.0
0.0
0.0
0.0
0.0
0.0
0.0
0.0
1.0
0.0
0.0
0.0
0.0
0.0
0.0
0.0
0.0
0.0
0.0
0.0
0.0
0.0
0.0
1.0
0.0
0.0
0.0
1.0
0.0
0.0
0.0
1.0
0.0
0.0
0.0
1.0
0.0
0.0
1.0
0.0
0.0
0.0
0.0
1.0
0.0
0.0
0.0
0.0
1.0
1.0
0.0
0.0
0.0
1.0
0.0
1.0
0.0
0.0
0.0
1.0
0.0
0.0
0.0
0.0
1.0
0.0
0.0
0.0
0.0
0.0
1.0
0.0
1.0
0.0
0.0
0.0
0.0
0.0
0.0
0.0
0.0
0.0
1.0
0.0
0.0
2.0
0.0
0.0
1.0
1.0
0.0
0.0
0.0
1.0
0.0
0.0
0.0
1.0
0.0
0.0
0.0
0.0
0.0
1.0
0.0
0.0
0.0
0.0
0.0
0.0
0.0
0.0
0.0
0.0
0.0
0.0
1.0
0.0
0.0
0.0
0.0
0.0
1.0
0.0
0.0
0.0
0.0
0.0
1.0
0.0
0.0
0.0
0.0
0.0
0.0
1.0
0.0
0.0
0.0
1.0
0.0
1.0
0.0
0.0
0.0
0.0
0.0
0.0
0.0
1.0
1.0
0.0
0.0
0.0
0.0
1.0
0.0
1.0
2.0
1.0
0.0
1.0
1.0
1.0
0.0
0.0
0.0
0.0
1.0
0.0
0.0
1.0
0.0
1.0
0.0
1.0
2.0
1.0
0.0
1.0
0.0
0.0
2.0
0.0
1.0
1.0
1.0
0.0
1.0
1.0
1.0
1.0
2.0
0.0
0.0
1.0
1.0
1.0
3.0
1.0
3.0
0.0
1.0
1.0
3.0
3.0
4.0
3.0
4.0
5.0
5.0
0.0
1.0
8.0
7.0
8.0
4.0
11.0
2.0
8.0
6.0
7.0
12.0
8.0
3.0
7.0
6.0
4.0
10.0
9.0
8.0
8.0
6.0
7.0
6.0
5.0
11.0
7.0
13.0
8.0
11.0
6.0
11.0
17.0
3.0
9.0
14.0
11.0
6.0
8.0
10.0
6.0
5.0
8.0
9.0
11.0
12.0
2.0
3.0
9.0
7.0
9.0
10.0
8.0
3.0
6.0
2.0
6.0
5.0
7.0
5.0
5.0
6.0
5.0
9.0
5.0
3.0
4.0
6.0
2.0
5.0
3.0
6.0
7.0
7.0
6.0
8.0
6.0
7.0
8.0
12.0
5.0
6.0
9.0
14.0
5.0
8.0
15.0
9.0
11.0
16.0
16.0
19.0
16.0
16.0
13.0
19.0
26.0
14.0
13.0
25.0
21.0
35.0
32.0
30.0
30.0
45.0
45.0
40.0
44.0
88.0
51.0
48.0
71.0
62.0
52.0
79.0
62.0
60.0
60.0
63.0
51.0
61.0
77.0
67.0
56.0
43.0
65.0
61.0
45.0
66.0
53.0
53.0
55.0
72.0
65.0
57.0
54.0
60.0
50.0
40.0
49.0
37.0
44.0
66.0
51.0
50.0
40.0
62.0
57.0
60.0
53.0
69.0
51.0
60.0
51.0
51.0
49.0
44.0
52.0
58.0
37.0
63.0
66.0
