World deaths 7-day avg: 11309.285714285714
new_deaths
0.0
1.0
8.0
16.0
14.0
26.0
49.0
2.0
38.0
42.0
46.0
103.0
64.0
66.0
72.0
70.0
85.0
87.0
100.0
107.0
100.0
5.0
253.0
152.0
143.0
104.0
98.0
140.0
115.0
125.0
4.0
207.0
11.0
160.0
80.0
61.0
43.0
59.0
69.0
54.0
89.0
75.0
95.0
94.0
111.0
104.0
239.0
190.0
274.0
344.0
306.0
497.0
420.0
636.0
683.0
813.0
906.0
1111.0
1486.0
1722.0
1687.0
1949.0
2290.0
2810.0
3035.0
3488.0
3730.0
3519.0
4081.0
4748.0
5998.0
5887.0
6161.0
5914.0
5188.0
5938.0
8258.0
6811.0
7784.0
7378.0
6172.0
5859.0
5966.0
6970.0
8473.0
7259.0
8394.0
6145.0
5233.0
5872.0
7273.0
6864.0
6828.0
6770.0
5628.0
3979.0
4746.0
6578.0
6725.0
5842.0
5151.0
5495.0
3511.0
4213.0
5823.0
6505.0
5310.0
5552.0
4225.0
3559.0
3486.0
5485.0
5132.0
5169.0
5221.0
4176.0
3188.0
3763.0
4647.0
4779.0
4659.0
5244.0
3927.0
3016.0
1212.0
4242.0
5056.0
4552.0
4608.0
4024.0
2692.0
3073.0
4677.0
5432.0
5034.0
4578.0
3769.0
2740.0
3702.0
4774.0
5043.0
4640.0
4209.0
4116.0
3400.0
3416.0
6710.0
5147.0
4910.0
6066.0
4109.0
4014.0
3562.0
5217.0
5175.0
4692.0
4748.0
4463.0
3166.0
3678.0
4885.0
4945.0
5075.0
4927.0
4404.0
3489.0
3845.0
5967.0
5275.0
5407.0
5299.0
4818.0
3987.0
3911.0
5597.0
5446.0
5772.0
6668.0
5597.0
4084.0
4210.0
6169.0
6947.0
9888.0
6030.0
5569.0
3713.0
5183.0
6265.0
6607.0
6050.0
6186.0
5455.0
4326.0
4686.0
6530.0
7051.0
6491.0
6288.0
5414.0
4573.0
5352.0
6199.0
6568.0
6214.0
10139.0
5356.0
4264.0
4181.0
6807.0
6727.0
6072.0
5438.0
5498.0
3954.0
4506.0
6286.0
6226.0
5896.0
5529.0
5322.0
4045.0
4177.0
6399.0
6109.0
5684.0
5869.0
4940.0
3846.0
9374.0
4913.0
6105.0
5804.0
5851.0
4881.0
3715.0
4440.0
6426.0
5780.0
5468.0
5668.0
5279.0
3739.0
4102.0
5972.0
5610.0
6655.0
5903.0
5345.0
3687.0
3975.0
5903.0
6464.0
8715.0
4936.0
5364.0
3839.0
6946.0
5776.0
5836.0
6278.0
6150.0
4882.0
4033.0
3983.0
5286.0
6073.0
6115.0
6185.0
5597.0
3542.0
4836.0
6554.0
6631.0
5935.0
6971.0
5817.0
4211.0
5517.0
7372.0
7160.0
7086.0
7599.0
6578.0
5010.0
6104.0
9345.0
10251.0
8014.0
9661.0
7600.0
5875.0
7223.0
9993.0
10451.0
9766.0
9588.0
9082.0
6425.0
7954.0
11071.0
11414.0
11033.0
11887.0
8972.0
7195.0
8527.0
12660.0
12131.0
10888.0
11387.0
9283.0
7160.0
8881.0
12687.0
12590.0
12575.0
12520.0
10290.0
7428.0
8715.0
12280.0
12720.0
12697.0
13028.0
10546.0
7459.0
9172.0
13953.0
13660.0
13451.0
12790.0
10772.0
7915.0
9648.0
14313.0
13803.0
11632.0
8602.0
7400.0
7401.0
9756.0
15166.0
15262.0
13170.0
9663.0
8433.0
7341.0
10149.0
15335.0
15053.0
14940.0
15166.0
12785.0
8348.0
10324.0
17104.0
16706.0
15371.0
15111.0
13248.0
8665.0
9426.0
16583.0
17906.0
16789.0
16021.0
13294.0
8968.0
10768.0
17308.0
16680.0
17051.0
14947.0
13586.0
7990.0
10218.0
14837.0
15728.0
12534.0
16571.0
10137.0
7987.0
8332.0
15537.0
13403.0
13474.0
12473.0
9805.0
6362.0
6894.0
10918.0
11339.0
11370.0
11048.0
8512.0
5880.0
6949.0
11180.0
12003.0
10165.0
10250.0
8140.0
5434.0
7209.0
10434.0
11073.0
9778.0
10017.0
7832.0
5275.0
6860.0
9981.0
9691.0
9767.0
9628.0
7986.0
5499.0
6821.0
9890.0
10125.0
10574.0
10399.0
8046.0
5801.0
7496.0
11106.0
9722.0
11339.0
12222.0
9837.0
6480.0
7963.0
11573.0
12277.0
11875.0
10259.0
8397.0
6930.0
7474.0
11827.0
14848.0
14654.0
13423.0
12416.0
8575.0
9308.0
13342.0
13552.0
13213.0
12837.0
12025.0
8626.0
10509.0
14206.0
14119.0
13749.0
14362.0
13298.0
9674.0
11175.0
14500.0
15730.0
15005.0
14281.0
12576.0
9959.0
11088.0
13913.0
14214.0
14252.0
13741.0
13182.0
9903.0
10778.0
13625.0
13944.0
13144.0
13131.0
11658.0
10099.0
10646.0
14253.0
13347.0
12779.0
12777.0
11347.0
9553.0
8825.0
12752.0
12712.0
12753.0
11712.0
10502.0
7705.0
8680.0
15101.0
